1
2
3
4
5
6
7
8
9
10
11
12
13
14
15
16
17
18
19
20
21
22
23
24
25
26
27
28
29
30
31
32
33
34
35
36
37
38
39
40
41
42
43
44
45
46
47
48
49
50
51
52
53
54
55
56
57
58
59
60
61
62
63
64
65
66
67
68
69
70
71
72
73
74
75
76
77
78
79
80
81
82
83
84
85
86
87
88
89
90
91
92
93
94
95
96
97
98
99
100
101
102
103
104
105
106
107
108
109
110
111
112
113
114
115
116
117
118
119
120
121
122
123
124
125
126
127
128
129
130
131
132
133
134
135
136
137
138
139
140
141
142
143
144
145
146
147
148
149
150
151
152
153
154
155
156
157
158
159
160
161
162
163
164
165
166
167
168
169
170
171
172
173
174
175
176
177
178
179
180
181
182
183
184
185
186
187
188
189
190
191
192
193
194
195
196
197
198
199
200
201
202
203
204
205
206
207
208
209
210
211
212
213
214
215
216
217
218
219
220
221
222
223
224
225
226
227
228
229
230
231
232
233
234
235
236
237
238
239
240
241
242
243
244
245
246
247
248
249
250
251
252
253
254
255
256
257
258
259
260
261
262
263
264
265
266
267
268
269
270
271
272
273
274
275
276
277
278
279
280
281
282
283
284
285
286
287
288
289
290
291
292
293
294
295
296
297
298
299
300
301
302
303
304
305
306
307
308
309
310
311
312
313
314
315
316
317
318
319
320
321
322
323
324
325
326
327
328
329
330
331
332
333
334
335
336
337
338
339
340
341
342
343
344
345
346
347
348
349
350
351
352
353
354
355
356
357
358
359
360
361
362
363
364
365
366
367
368
369
370
371
372
373
374
375
376
377
378
379
380
381
382
383
384
385
386
387
388
389
390
391
392
393
394
395
396
397
398
399
400
401
402
403
404
405
406
407
408
409
410
411
412
413
414
415
416
417
418
419
420
421
422
423
424
425
426
427
428
429
430
431
432
433
434
435
436
437
438
439
440
441
442
443
444
445
446
447
448
449
450
451
452
453
454
455
456
457
458
459
460
461
462
463
464
465
466
467
468
469
470
471
472
473
474
475
476
477
478
479
480
481
482
483
484
485
486
487
488
489
490
491
492
493
494
495
496
497
498
499
500
501
502
503
504
505
506
507
508
509
510
511
512
513
514
515
516
517
518
519
520
521
522
523
524
525
526
527
528
529
530
531
532
533
534
535
536
537
538
539
540
541
542
543
544
545
546
547
548
549
550
551
552
553
554
555
556
557
558
559
560
561
562
563
564
565
566
567
568
569
570
571
572
573
574
575
576
577
578
579
580
581
582
583
584
585
586
587
588
589
590
591
592
593
594
595
596
597
598
599
600
601
602
603
604
605
606
607
608
609
610
611
612
613
614
615
616
617
618
619
620
621
622
623
624
625
626
627
628
629
630
631
632
633
634
635
636
637
638
639
640
641
642
643
644
645
646
647
648
649
650
651
652
653
654
655
656
657
658
659
660
661
662
663
664
665
666
667
668
669
670
671
672
673
674
675
676
677
678
679
680
681
682
683
684
685
686
687
688
689
690
691
692
693
694
695
696
697
698
699
700
701
702
703
704
705
706
707
708
709
710
711
712
713
714
715
716
717
718
719
720
721
722
723
724
725
726
727
728
729
730
731
732
733
734
735
736
737
738
739
740
741
742
743
744
745
746
747
748
749
750
751
752
753
754
755
756
757
758
759
760
761
762
763
764
765
766
767
768
769
770
771
772
773
774
775
776
777
778
779
780
781
782
783
784
785
786
787
788
789
790
791
792
793
794
795
796
797
798
799
800
801
802
803
804
805
806
807
808
809
810
811
812
813
814
815
816
817
818
819
820
821
822
823
824
825
826
827
828
829
830
831
832
833
834
835
836
837
838
839
840
841
842
843
844
845
846
847
848
849
850
851
852
853
854
855
856
857
858
859
860
861
862
863
864
865
866
867
868
869
870
871
872
873
874
875
876
877
878
879
880
881
882
883
884
885
886
887
888
889
890
891
892
893
894
895
896
897
898
899
900
901
902
903
904
905
906
907
908
909
910
911
912
913
914
915
916
917
918
919
920
921
922
923
924
925
926
927
928
929
930
931
932
933
934
935
936
937
938
939
940
941
942
943
944
945
946
947
948
949
950
951
952
953
954
955
956
957
958
959
960
961
962
963
964
965
966
967
968
969
970
971
972
973
974
975
976
977
978
979
980
981
982
983
984
985
986
987
988
989
990
991
992
993
994
995
996
997
998
999
1000
8132
8254
2881
5482
4731
6104
9251
5129
3062
5568
8048
9840
5919
6436
8799
1935
6836
3727
4951
6048
3567
1646
4597
8446
5950
1923
6192
3418
1664
4111
6561
8591
2448
2630
3479
4815
5469
8561
3054
9838
4866
1153
4859
4822
3743
7202
1008
1582
7112
8000
8793
3911
7373
6315
4826
3047
6226
8967
8467
2990
5018
7179
6747
7888
6453
5322
1610
8671
8129
5244
3299
2132
6599
3513
4366
2341
8919
5848
7077
7215
4891
8659
7308
1979
3684
5586
4223
7773
7451
7400
4797
7712
5929
2293
9131
2376
4164
4459
1180
1506
7251
4197
7207
4302
5577
8280
5644
1902
7622
1111
7272
5564
1242
6930
6131
9712
7828
1196
6858
1549
3381
6832
8468
1141
8569
2160
1648
1256
5034
5058
6934
9978
5392
5967
6533
9662
2251
5650
3808
2724
1023
4955
6064
8800
4461
9205
5031
8954
3817
6529
2926
2398
6169
8845
6953
2568
6607
6923
7354
8314
1780
1776
7454
2234
2557
9404
1573
5984
5878
2372
8969
1403
5259
5007
5449
4883
8065
1469
2604
6232
4739
2732
4480
2030
7625
4272
3198
3307
6686
2634
7925
3604
3301
4818
3982
5502
2309
5394
4990
7293
2780
5608
1946
4066
6614
9927
8647
2698
4828
7282
3266
6171
8084
9345
4031
7362
7552
7302
8871
8825
3581
3672
1266
2813
1262
3310
8835
2908
8338
5439
8458
7255
8961
5001
7314
6369
5416
5709
8235
3202
9880
4318
6112
8263
1457
4446
5257
6855
7515
9002
4394
9658
2142
9271
3136
1147
6609
8581
2199
3137
7317
5736
8761
4341
9702
5151
5582
3704
9917
3920
5328
7160
4268
6488
5243
1868
4521
2513
8097
1354
7008
5767
7146
3270
1589
4604
4416
1931
7144
7682
7379
7561
2894
6924
2377
4275
3533
8069
2486
6408
5591
1917
9120
5210
7464
4171
4775
4721
5068
7042
7697
2844
6479
7937
5931
3904
9969
9520
3852
3138
2017
5583
4211
6678
4689
5179
9301
3804
7241
5822
5776
2962
6168
2136
2123
1765
7346
1878
5300
7982
7572
1892
1037
5516
9102
1837
7296
3193
9149
6683
8413
9727
9642
5911
7509
3822
5313
4856
9875
8044
2878
7156
8390
5258
4979
7564
8422
9347
7906
8300
3156
6425
1453
8291
5315
2932
3779
3917
3146
2144
9990
2535
2694
1596
4575
2009
1160
7473
1772
4277
6559
7396
1333
7930
6861
3309
2774
4312
8363
1634
5022
3627
9429
5047
6954
1607
1586
8465
2540
3064
4686
4847
6075
4692
3187
3731
1515
2200
5797
8451
8396
3164
3797
9074
4693
9807
6353
7043
2460
4287
6690
3598
2453
8231
4790
4556
8116
2094
8040
6342
8849
3174
3839
5979
5870
7800
3934
1396
8936
7976
9019
6278
2828
4791
7793
7038
2896
6165
2435
5116
3942
6245
4474
8006
5610
3946
9098
1862
8941
8295
2418
4408
8687
4465
6319
4705
1677
9426
3111
1585
4786
7585
8148
6231
1152
1474
8823
6443
9553
8267
8412
4238
7500
7685
1967
6641
2851
5965
7201
7568
1479
2702
8692
8662
3160
5012
4999
6076
3316
1056
8293
9456
9548
8249
4000
3993
8767
1991
5109
3973
8064
1888
4188
4672
3117
3225
8194
1770
1138
5190
5903
4770
7995
1204
7331
2139
5938
4937
2785
9651
9490
7031
2804
8765
8466
5917
9569
9895
5301
7357
2482
5248
9708
4928
6390
1073
6748
6367
8303
8277
8858
9996
7491
7772
5219
2019
8930
6016
9818
4219
7411
8080
7616
4351
1508
1793
6993
7340
1986
5293
6649
3576
3018
2242
8104
6052
8539
7679
4602
8025
4425
2725
8197
3028
7327
4360
5320
6200
2576
6117
8546
3976
7213
4452
3594
6186
4494
3978
7997
8617
9247
4201
5368
4890
2537
7099
8118
5055
9844
1067
1244
8661
7931
3182
8533
6840
7851
4239
6928
7664
9804
8907
3380
8509
8589
5101
1222
3262
3571
1937
7526
6513
9328
6009
2215
2514
4968
9554
1796
7974
9336
3574
5379
1349
6387
8819
6098
2166
1168
6654
5996
5677
3388
6377
3832
9650
4745
8193
2993
2317
2753
3776
8863
2065
4284
7398
8031
6145
8774
9338
8224
3050
3902
3279
8461
2114
5124
3669
4001
9244
7061
8644
6709
3319
5033
2275
5720
6055
3538
9352
8058
2367
6875
1821
9385
6944
8932
5581
9869
9200
1346
8510
6347
1341
4780
1806
6148
9648
8182
6381
8011
1873
1214
6583
9810
5199
2349
5786
4743
8499
6726
8321
2011
2261
4794
5352
3875
6831
2784
3577
8210
2825
7596
7789
7092
3646
7978
5494
3562
6823
9950
4266
8656
1970
5674
6782
6904
3927
5479
1756
6800
8707
3227
7027
3755
5834
1118
4839
5074
2164
9308
2861
9197
4313
8161
9856
1852
5774
5032
6086
5036
8061
6606
8952
7111
3124
4126
6437
1376
2168
7562
5264
5207
9955
5265
1402
8998
6841
6699
9624
2441
2929
7551
9486
9991
9260
2032
8195
7755
5788
9695
5991
1481
5437
4863
3100
3733
1001
9126
8908
6985
4078
7405
5620
9527
4144
1624
9676
7952
6957
5336
9836
6070
7544
1443
9489
6600
2622
7554
9964
7069
2148
8944
4855
1392
1784
6036
4783
5465
4758
8324
8354
5393
3601
4554
1657
8201
5666
2966
8330
3296
2090
2920
9538
2232
5835
5480
1540
9889
9822
6308
7399
4314
3595
5357
4748
5932
5343
9414
5226
3503
5737
1533
2255
3067
3349
5321
1547
2468
8541
1483
3939
7914
4185
9578
9132
4203
3536
6956
1572
9209
5520
2412
4346
7366
8638
3851
7902
6140
4658
3328
3489
9852
4300
7735
2077
4476
8685
1604
1792
8664
6311
6922
9897
2169
8899
7062
8156
8563
5668
5351
6298
7055
8198
3725
2277
1857
1501
2022
6033
6406
4006
2853
2577
4850
9163
8157
2526
7631
4267
9320
1876
4074
3774
4621
3278
1603
6473
4845
7891
7402
2710
5732
6987
8015
7677
4322
5828
4256
2135
8927
8128
1748
4737
8787
4214
7397
4992
3799
5895
8935
6044
6568
8881
3268
4642
5647
8702
3004
2919
9287
4413
7010
8456
7081
7323
6448
6696
7253
4092
6797
6081
5652
2763
3394
9410
2759
7855
5247
5387
4298
7758
1996
5231
2305
1943
8531
7071
2469
8668
3644
4153
6456
5912
9368
6017
5946
4677
4636
5149
6975
1904
6776
6523
5560
4717
1498
4140
2855
4036
8778
7760
7519
2444
4617
8378
6778
1344
7064
2286
9351
2856
7877
6798
1721
3348
5083
6627
2347
7343
8049
4445
4559
2016
8732
4105
4633
9968
1122
7708
6764
9108
3896
6494
3364
7267
3881
1647
9560
9224
8582
4402
6964
5977
2572
3870
8640
5928
9146
3511
3245
3420
6598
4752
7702
3609
2880
6481
6577
5853
1522
1663
4024
2640
8170
8648
9502
3647
8153
8096
1182
3075
1962
3749
6867
8185
3013
3201
7601
7006
6029
4508
7939
6868
4466
9267
4779
9144
9310
4118
2072
8549
2999
6544
8149
7507
5997
9093
7122
7935
4555
7224
7078
9161
3200
2165
5580
1149
9757
9771
8627
5327
8864
3290
5631
8376
5615
7005
5061
8278
1248
3895
6603
2373
4186
4813
8029
2423
4927
9719
8260
5104
2246
7425
2128
7786
3922
3049
6883
7237
5187
8934
7715
4448
5064
7124
9654
6143
8547
4453
8714
1662
8933
7553
7252
4469
8639
4954
7777
5188
2644
5309
5107
7838
1580
7580
7204
7298
1863
3950
1736
7641
9883
2058
1606
3147
2037
9565
2995
1552
2903
5796
2935
2988
8916
1527
7956
4682
2852
3821
2605
6779
3273
3337
2314
2152
1167
3438
7015
9092
2191
6657
6846
5849
5778
6551
5329
2472
9551
8700
6578
4376
4657
8565
1367
7634
8322
4619
9572
4557
9012
2096
9780
8477
8262
8660
5298
5280
4143
3624
5426
8393
3141
6195
5152
4161
8178
3879
5195
3827
6125
9325
8727
3370
7527
5403
8425
7724
2879
7747
1691
6215
2582
1145
6812
2095
7495
8401
2476
6083
6665
1342
7795
1221
6588
4168
2596
3835
9914
1820
4769
9630
7845
7875
7833
5171
2636
9845
6951
8562
1287
5904
1536
1490
7435
3315
9419
1203
9956
2171
3119
9339
1622
3232
8986
4695
3717
3338
4004
6345
3639
4016
3897
8844
7101
6174
2645
2546
5777
6378
8527
5589
9922
4383
5115
2777
6995
5891
3443
1250
5629
8626
9707
1799
4671
1694
9664
4895
8869
3122
5075
8669
1947
5364
7386
8903
9474
7540
8443
1386
8152
3867
2900
1216
3707
7573
1775
3543
4248
9406
7993
2117
6752
9938
5112
9888
8886
6911
2042
3204
7502
6426
5821
3996
1724
2550
9195
6317
4492
8054
8335
1408
7091
5628
8953
5194
2930
1274
9142
4311
9542
4136
1752
8188
6360
5643
7651
5287
2329
8365
1024
7738
4869
8868
9809
7195
4434
9220
9608
9769
2371
6787
3353
9791
1053
8055
7102
1375
4147
4467
1275
1099
1630
4240
1097
9079
6250
7382
8988
3633
3599
9296
3967
9392
8100
5288
5799
7159
5918
4830
6887
8834
1079
3214
4902
3277
8545
3399
7200
7131
9684
2554
6673
9767
2471
9001
8452
4747
7701
3009
9169
9263
8141
9741
2916
5468
4395
8724
4530
2283
5367
1668
3249
8631
3621
5773
9373
9481
5892
6719
2055
8530
8245
5221
6820
5099
8434
3735
4947
5765
4393
3815
3873
6890
2181
8059
9808
9139
5483
1729
7235
2141
9514
8066
7258
5649
2727
2590
2288
2918
4807
7329
6539
8597
7752
3098
2866
6672
1475
7546
2269
8843
2134
2746
1009
3638
3658
9299
7087
3450
3085
7014
4481
5948
4473
8140
3635
7184
4550
8079
1071
7233
6475
7485
9696
9175
2174
7960
4862
5940
7602
3814
3327
4659
3452
2146
1416
7297
9424
1706
1615
9661
5810
2699
6541
3127
7971
1211
4967
6857
4032
5154
3097
1382
1960
5603
9997
9423
1974
8125
3980
6116
9115
2737
3441
1978
9362
1912
3034
2470
5123
6090
9596
7839
7593
9167
2280
8653
2788
4805
4588
4573
5458
5714
7676
6728
1757
8535
1553
5833
9765
2187
1072
9168
5326
3312
2408
3975
8704
2457
8304
4698
3992
2924
3485
1944
9236
2127
9677
8252
9259
6653
7306
3874
4021
2214
6444
6363
1139
9279
4503
3057
3167
1271
5897
9454
1309
2433
3925
5527
6041
6051
4271
6379
2686
9777
4879
3736
6287
5337
3239
9663
3493
2985
9894
1496
5556
5080
3999
4417
6181
8163
9484
3965
8088
1771
4082
5481
9540
5532
5606
1767
3759
6750
3553
7864
6074
1973
7280
4626
9923
9758
6067
6755
2606
1116
8792
1891
8995
8572
9324
7142
8740
2013
4290
5143
1316
2153
8375
3216
9631
6172
2638
9575
8807
7871
1018
7520
9327
1270
4907
4345
9062
7057
1686
6445
7033
1788
3716
4511
7946
3758
8462
3966
3336
5148
1639
4921
9913
8756
6732
5638
3449
5572
7626
3083
3022
9153
5414
4505
7299
4249
7326
3703
1587
7080
8406
5553
5787
1306
1449
9935
8488
9616
5785
4681
7842
4038
5014
7744
2392
5081
2726
1509
1330
5382
3816
4875
5026
8574
4934
3568
1594
5661
1283
6312
7135
6667
7892
9517
6927
4064
3026
9796
6151
6332
1848
4820
4585
1311
3877
7040
9620
7093
1795
6999
7802
7497
2180
1584
9746
2583
3994
6072
7022
4264
8808
3705
8173
9797
4243
9582
9155
5333
6715
8481
4260
9891
8625
1595
3339
7589
9488
4916
2021
3857
2089
6030
6283
9675
6161
4816
3991
9946
9435
5093
3451
2912
9557
1992
7588
8517
8005
6687
5478
8272
9497
1680
1575
4357
5019
4053
3600
2667
6602
6218
6027
8155
6137
5724
6570
5035
3218
8741
3377
4232
1195
4861
7570
2575
5637
3757
2510
8366
8351
9057
5712
3180
5600
7675
9907
6213
1829
3289
2447
6394
3986
4008
5596
8202
3071
8377
1851
7858
5279
4331
8690
3697
1510
1434
9899
4077
4252
7704
5404
4041
6028
9104
1743
6212
7424
9059
7444
8165
5176
6455
7250
6716
7392
4308
1858
6375
3985
4160
7514
2067
4261
6492
3546
2911
4233
2603
2738
8358
1940
4823
9049
5045
7859
9178
2997
6611
1393
7590
8994
2773
7072
4122
4388
4386
6738
5710
9967
8089
1626
6380
5493
4475
1959
8391
3110
9412
6460
6897
6550
9547
7012
4246
2621
4867
3667
9902
5587
3434
6916
4309
4491
9509
8716
3025
4888
2270
2761
1894
3217
6286
7175
6532
9834
7604
5601
6457
4778
2666
6894
9872
3242
6516
1885
2374
4291
6515
5010
6503
1593
8502
2953
1437
7967
9681
8657
2075
1745
1484
3032
1273
8578
2832
3555
5554
5443
4282
2978
5683
7655
6914
2574
7254
6002
8408
5882
1886
7103
5446
4012
8352
1673
3385
9541
1984
9587
8490
8073
5645
9040
5405
7657
4991
1738
4825
5795
3580
6253
8621
1734
5174
7157
5976
6242
2793
8083
4182
9493
3589
2316
3235
6817
4080
2149
7404
7973
5960
2029
3677
5150
5153
3653
4060
4848
3224
5961
9015
1896
5131
7726
7285
8078
6536
9729
9212
8189
4663
2757
8503
2224
1782
5722
2957
3397
7523
3482
6178
4834
2074
9657
8483
9165
4288
9306
5817
8299
4864
1563
4870
7711
2521
1608
8507
6573
6976
7543
6849
1579
4396
4404
4226
7051
7591
1060
5283
7384
6018
7524
8019
9641
8316
5272
1464
9076
1800
4959
4763
4320
8475
8309
7710
4710
9640
1557
7026
3530
4054
4085
1818
4471
6792
1934
5704
2814
3360
2332
9694
2409
4811
2591
1760
3713
9633
6047
6421
5341
4190
9409
2849
7098
2363
9931
2064
9573
9748
6765
4590
5634
1026
3417
5361
4945
8472
8356
3862
6340
1103
2231
6937
1487
9249
3456
7222
2080
4836
2602
3915
5164
4685
3037
8775
7218
3474
9811
6003
7260
8915
4468
2235
4176
1523
1905
5318
2218
6876
6230
9024
9430
4430
5898
3247
3409
9750
1383
1881
5883
9948
7770
4877
2449
1715
6636
5157
1374
5656
8748
9736
5536
7249
7468
8710
4548
7456
7289
9615
1255
8364
3556
7579
2041
3258
7060
5349
7820
5212
7210
6395
1998
7276
5772
2517
8658
4678
7123
2399
9330
6224
3671
4749
3061
5302
8785
4517
3021
2647
1921
6824
8791
2455
1421
5305
2106
5471
8924
9323
1174
4899
7325
5514
3133
3362
4974
5370
4151
9068
3412
2983
2044
2789
1866
6878
3495
1951
2812
7899
5067
5041
5784
1385
2580
4081
3612
2203
1328
8925
3396
5289
7365
5988
1189
1061
5202
1101
6635
3259
5728
8783
8650
2950
5782
7691
4956
3243
2131
7713
1282
3487
2946
5397
7658
3861
4529
9355
5003
1055
4765
1047
5679
6092
8798
4329
1350
3642
3121
1308
6983
2339
2758
8566
6135
7113
8788
3820
5004
9257
7053
3142
4969
5906
4023
6248
9366
1961
6574
4278
7287
2076
3365
2422
9482
6818
9577
4812
4365
9770
9884
1162
7692
3123
4375
4549
6507
8289
4258
5163
2533
2794
4451
9563
6496
2705
4842
5463
7269
6276
9136
1413
8429
9413
7406
4751
3754
8402
5593
1621
8983
8974
5356
5205
2306
5133
1076
9470
3772
4566
3088
1565
9390
4898
8815
2047
9283
2033
9217
2411
1066
3184
2112
2538
6313
3948
2463
6432
3464
1258
5936
4988
4075
2708
5178
8862
6707
2867
3165
4773
9680
2940
9459
9574
6001
5557
9738
7394
4040
8898
9225
3106
9216
2779
4538
2264
7498
9781
6576
7467
7606
2244
1581
6207
9151
3887
8166
4018
1507
5689
2662
1524
5518
7953
3169
9837
3637
8993
6189
4831
5203
3525
6553
9145
7652
8906
6240
6034
5005
2661
8595
2581
3554
3892
9284
6829
8026
7459
5421
8437
3244
7155
6497
3520
8367
9775
3291
2151
4109
1163
8568
6393
6774
4155
9077
3883
2885
6565
2467
5758
6320
8779
2006
6742
4276
9333
2798
7466
9937
2848
1861
5813
4627
5926
9005
3166
8010
3369
6652
3695
5857
6761
4050
6091
4166
7426
1229
8571
1495
1468
5462
9395
9317
3390
6661
2599
9253
8082
3400
2936
7615
5406
8416
8586
5323
3221
4931
9778
7134
2078
2295
3593
7600
5901
3514
1430
8394
6769
6850
2695
1945
7368
1063
5925
6703
4321
3740
7104
2161
9467
3800
8102
7670
8839
6754
4558
5054
1815
7433
5981
3765
1288
2248
6795
8838
6660
6309
7443
9953
4436
7897
7970
9610
6582
7486
6885
1136
8131
7138
8497
1841
2188
3284
6163
9372
9718
1550
9438
7566
8827
9753
2965
5434
4525
2522
2875
3387
3745
2485
8684
7779
4257
6713
1822
5223
3109
7422
9371
2000
3283
9309
6239
6833
8045
5760
2762
6998
7212
8274
4501
4949
2183
9353
5016
5051
6514
6712
8905
6548
1166
1327
5027
5800
2614
2502
7469
2370
9150
4460
4369
2358
5723
1179
3691
5230
8999
6538
1298
4026
2585
9357
5916
1086
7168
1112
1201
3882
6126
1155
2105
7341
9679
2500
9814
9096
9735
7784
3132
5444
5867
5682
4704
8683
8362
3213
9121
4332
8012
5692
2529
3668
6333
6839
5750
5886
7516
3424
5492
8622
7380
8454
5909
5030
1750
2491
2835
1219
4966
9828
8966
4841
9600
9034
9377
6811
2488
8432
9606
4123
9238
5812
2719
5475
6206
2262
1987
5433
9084
3912
7821
5261
1265
6721
9768
6625
4854
2259
8261
4286
3465
1223
2124
3926
8071
6705
3426
3847
2807
6925
2588
2383
1838
1718
4782
3091
5114
5990
2928
5306
5930
2271
8258
8433
1696
5141
1928
7761
8555
6211
7059
8232
5741
5627
6597
6015
6545
4853
6130
2952
6901
1809
8920
9743
4254
4935
6110
6000
9760
7577
3406
1890
6412
6056
1261
1003
7492
1281
9469
3931
8317
9286
9632
6384
5423
7853
8880
8257
1131
1351
8816
8540
6365
6068
7024
8889
1398
1113
8940
4785
5211
7991
1537
1323
6735
5670
7143
8239
4723
9291
7541
1713
3886
6688
9826
6060
8513
1115
1747
3953
3038
1417
6274
4546
9709
6988
6685
7369
9403
9745
2102
1482
6193
5768
6179
8977
8604
8548
5359
5415
6254
9182
4596
3189
7762
10000
3288
5225
2062
7333
8134
3389
8649
1070
3676
8744
6370
9275
6543
4106
3345
5693
5832
1926
6717
1616
2817
5546
9319
5072
1911
6881
5170
6871
7114
8151
9795
8086
1065
5696
2889
4098
8629
3305
8192
8034
5499
8806
1446
9874
8070
3701
1267
6612
1920
9280
1665
6642
1526
9365
1728
5078
6306
4093
7862
2639
5640
7277
2172
5816
1170
3439
6294
5383
6423
5162
9384
3798
6156
9152
1883
3252
2906
4415
4231
4756
5688
2027
3908
8721
9698
7536
8812
9289
8050
6079
5024
1236
6618
7643
1263
2116
9447
7809
4612
3692
9539
4487
5573
6727
2020
7807
2625
8606
3694
9379
8820
2545
1592
3802
9099
9025
6106
2741
6223
5217
2194
2380
6383
4374
1678
7771
1930
2086
6664
3872
8739
5488
8914
3972
7141
9706
8978
9354
2031
5935
7743
6509
6176
1779
1369
7364
8404
3888
6201
5570
2649
9851
4579
6753
8285
7916
4987
4911
5344
1320
7846
6339
8698
7922
9095
2569
9340
7865
6477
9171
7961
7247
9755
4609
7430
2642
2060
5859
2150
5942
6371
7458
7844
7145
7624
8213
7048
4684
6658
7324
5654
4506
4918
6154
9552
8745
3393
2028
3630
1212
1030
3812
7753
2204
8430
1015
1368
1432
6860
1127
1365
6222
9595
6234
1206
9143
7759
7016
7569
4552
8353
5880
5454
9127
5307
4592
9383
3321
7739
4589
8851
3997
1315
8655
5781
9091
9194
4431
9870
6141
8976
3728
5968
8369
1011
1292
5000
6142
6560
6442
8877
1077
7234
8207
4699
7856
8747
7547
5330
9962
7074
8900
9947
6415
5407
1682
2720
3003
8223
3628
9227
4301
7320
6816
6032
4545
2922
6540
7029
5515
7352
8703
7550
3267
2822
9422
3661
4610
1969
4637
6938
9776
2073
1605
7259
3233
9213
6745
1842
3471
2567
5335
1599
7827
2137
5731
2958
5274
4297
9512
6760
5585
8515
5896
3256
2111
8107
6177
3194
9773
5413
9137
8794
3855
1950
4339
3673
5374
8537
2547
1578
7684
9499
4725
2474
5378
9678
9722
7517
2340
2520
4418
2396
7286
7599
7284
1291
4608
5528
9097
3077
5726
9202
3831
9164
9221
8327
9170
1165
3785
5729
4102
7911
3945
6681
5130
5082
8738
9363
8269
9815
7656
7490
1968
5759
1910
2601
1503
5671
6724
5551
8216
9321
9790
2304
9335
8240
6302
9782
3683
5866
1700
8717
2673
3231
1672
7457
2197
1107
6695
2858
2443
3007
8926
4654
8520
7271
7745
1865
4639
8341
6190
5697
5088
2734
3168
6062
6199
2052
7393
8612
1397
9960
3561
1759
3374
3043
6038
2425
6316
9444
8726
6506
6749
4372
7239
5376
4520
8939
1932
8532
7816
2268
5845
3112
1028
4651
1693
8340
2312
1378
7910
1321
8633
4993
1761
7432
2245
1102
7608
6134
2765
9843
5884
5452
7926
2671
1054
6730
3681
4059
9087
9685
8680
3236
3566
6780
4840
6847
5409
8760
4356
4206
8183
6307
5595
7605
5242
3549
5695
8642
5611
9543
3333
1202
6427
2267
8046
9601
6447
4915
8357
4289
5166
9734
4702
2192
4584
5839
1186
6277
1133
4649
2714
2385
3502
4562
3238
7595
5623
4569
8731
3354
8417
3537
2296
2424
3625
1129
5555
6939
3203
4497
8372
8383
1534
3893
7356
2915
7945
8769
3011
6862
8931
3066
9977
6431
5843
8913
6659
9386
1612
3251
4336
4878
7867
3058
7586
5262
5275
5167
9117
1671
4270
3297
3682
3413
9006
5994
9381
5663
8337
7190
9850
7775
7127
5126
7754
9533
3634
8002
9014
2883
6620
3819
3108
3006
5501
9784
2328
9919
1641
7513
1439
9110
2860
2326
3149
4138
3361
6626
1993
2219
4759
7149
6671
2456
8021
1356
5006
4046
4961
1264
9911
1335
6511
7186
2351
8081
5398
2138
4382
6822
5819
8419
3303
9003
1404
1423
4972
7534
7342
3655
5117
7849
8564
4150
6050
1422
9418
6913
7778
5944
4454
9985
8813
1173
9521
9294
2125
7734
5105
6314
7089
6413
8856
5160
7274
7439
1907
6197
1135
2024
5066
7278
1472
6414
3230
7050
1305
3313
7578
6802
3864
1125
4736
2492
1209
7940
3105
2318
3718
7749
7375
8236
5602
8909
2598
9433
1661
1830
9774
6733
9653
3012
8306
2524
9067
7338
1519
5763
4507
2681
5804
6401
7434
7533
2717
6430
9711
3793
3292
5050
3445
6122
8746
6704
4175
9886
7791
4139
3101
8442
4193
2481
2167
4110
5829
7028
3602
5232
5951
4733
5707
9461
3425
8529
3139
2771
3914
8583
3923
4269
7525
5268
5924
6948
8187
9465
6263
1791
7510
6127
8894
2609
2438
3789
5466
5380
4578
5132
8729
2628
3796
5550
2113
3384
9181
9518
6587
5095
1307
5561
3079
8784
4799
5120
4707
3921
8602
9519
9998
4169
4422
9329
5071
2815
1643
1751
9876
1916
5076
2459
2543
9858
7512
6947
6863
9905
3178
7321
6977
5791
2552
6299
9983
2615
7226
2458
2292
3507
8227
7465
7880
6128
9932
4940
1746
4134
7034
2156
6946
3720
5177
4156
9314
4183
7689
3020
4113
9779
9958
5015
3275
3853
5208
2509
7556
7767
3179
8896
9761
4263
4730
5062
2355
1807
3943
5963
5127
4307
1705
2239
7446
6007
6346
5840
1326
7085
8590
4744
2003
5229
1975
8110
7673
3603
1670
5419
8946
6150
1438
6530
6973
4030
5735
5091
6233
1190
8453
2781
2573
7719
1505
9617
5680
4613
7881
3849
7505
8759
2869
9031
1655
5687
8284
7082
1687
7894
2819
1268
1473
3056
4047
1964
8028
2944
2495
9733
9500
8959
3281
4846
4700
5236
6684
4423
7698
1919
8068
6452
3643
1134
9637
8233
1435
3906
9442
9506
4603
9918
2110
2223
5594
9622
7208
3407
7774
2299
4015
2478
6080
5815
2840
5999
9728
7482
6469
9421
4802
4835
2805
3229
5957
1995
4316
2079
3919
4750
8047
1620
5448
5943
4953
4162
6865
8186
6133
3899
9400
9831
4245
9715
8873
1215
4348
7535
9109
1185
6689
2091
2764
2397
3318
2154
4299
6073
8253
4801
9732
6021
4477
3632
3610
8811
2539
7688
7985
2115
2387
2263
8802
8115
9788
9124
9516
8447
4212
6324
7420
4493
1811
5877
7449
6326
4978
1840
4039
2933
6531
9032
7951
3246
3065
5566
7542
5865
1879
5046
1461
3356
4580
7360
1847
8646
7539
1492
2155
9559
7614
4771
6100
3293
7423
4247
1562
1233
4414
1121
6159
4697
6149
2381
3446
4837
6407
4199
9434
8470
5987
3001
6781
8203
4872
5500
1939
8619
1555
7035
1966
6886
4083
1390
5802
9627
1768
2683
2939
6963
2831
2751
1679
3770
8315
3940
4428
9266
7765
5140
3541
5266
5056
3838
1246
7521
4593
6889
3478
1651
5745
1338
4542
1040
2626
9498
6892
2890
3605
6144
5467
8682
1637
1034
6491
5660
1839
8463
2084
3080
9305
9193
9982
7987
7295
8410
5431
1689
3962
3197
9705
6784
8879
9535
8928
7431
8302
4449
2354
6650
9073
7815
1318
8113
8596
2322
6526
1828
7756
1224
6105
7903
3955
4795
8288
3656
1303
2587
3801
8942
7415
8281
6958
8459
2808
5227
4601
8538
8524
3734
2589
8072
6729
3358
3613
2947
7798
1049
3084
5165
6581
3700
7829
3573
6796
5995
5806
5198
1084
9602
5136
5907
4306
6194
7292
7450
8220
5864
3928
5486
7733
7427
7075
1294
7873
8695
8348
5794
7872
4273
6271
5525
7783
2670
4922
9893
4943
9742
2179
4108
9007
5703
1143
2925
6220
8801
1982
7414
1355
9432
2829
2687
5744
4194
7106
1636
5841
7418
7742
6870
6493
6261
4914
2772
5477
1279
1169
8423
8355
4766
6969
9522
2943
9987
5285
5973
5487
1094
4670
5384
9505
2631
9655
8092
7147
7096
4827
8872
9526
3778
8962
9537
6439
8965
1083
4088
3806
2716
3650
1709
1531
7209
6495
7305
2002
5408
8921
8381
3045
3196
9628
3157
7792
7225
6184
1424
9344
8723
6502
3264
2175
1096
1901
3154
3241
8615
5273
8989
5424
1012
8420
6941
4443
8308
7751
3287
2689
7347
3172
2023
3323
4034
1192
9446
5092
2736
3458
7630
6711
4676
8780
7496
9494
7506
1957
9928
1322
1455
6656
8111
5764
9018
5808
4809
9952
7374
5085
6433
7943
5618
8570
7421
5267
7879
5705
3375
2562
4435
7300
2850
2170
7633
4909
2617
9222
3162
4857
6099
9690
4304
5334
1415
4489
8876
5255
5348
9480
9479
4359
1727
9972
7861
7013
1559
5742
7638
3128
7383
4774
7587
9995
2648
9101
6783
2279
7896
6744
8737
1906
3781
9033
2207
1981
9039
3833
8762
8796
1778
1576
5684
3483
3787
3371
2238
5725
4941
6826
9061
2216
9008
6534
3840
8776
8493
1850
9313
4125
3090
8902
1228
7409
2744
2395
8181
7139
5863
2298
7876
2365
3936
5108
3468
9162
7558
8328
8822
6118
9376
1688
5455
2384
6936
3432
5599
3876
2018
3497
9122
3579
5084
4045
1698
9285
9407
3957
8206
9206
6668
3190
7834
1100
7557
5605
5524
2258
8241
2823
6404
8190
3031
5571
8861
1317
7118
9813
9331
3971
5411
5869
1571
1660
5025
3559
5472
8441
7227
1707
6955
7818
3664
5304
6267
5213
4577
8191
4463
4537
8693
4464
2466
1914
8734
7194
1609
4227
9848
6866
9051
6484
7107
8973
1597
9714
1952
3969
4984
5172
5604
7528
1560
7023
6546
8878
6120
6454
2578
6247
9589
3082
1755
7830
7220
3129
8445
9604
2348
4930
2342
4640
3531
5459
9939
7088
4217
3987
4874
7666
4177
5733
4882
7453
8130
7041
8320
5922
1217
8841
9824
7840
4091
9140
4117
3844
9943
6590
4488
5183
5196
8143
3024
7917
6281
1370
4056
5914
8160
4722
1976
5461
7886
9440
7705
4660
9307
8428
6676
7860
2236
1150
2291
3153
2159
1230
1191
1213
8154
4781
2516
5362
9910
3145
8120
3144
1948
1956
4438
8736
2800
2209
4965
2257
5427
8414
6010
1965
3087
5755
7696
4215
7265
9125
1485
3181
7686
9966
3461
9207
7915
6357
9191
5314
4983
9242
7538
4181
1087
3008
6547
6718
9720
7790
2249
3059
9028
9316
6762
7981
2388
8691
6632
8307
7841
4355
6961
6714
8620
5801
9513
3959
7878
4044
2755
9812
1373
1278
2927
2378
3712
3685
2682
9853
2739
5783
4757
3176
9452
2566
9866
9241
2001
2624
9701
7471
3177
9282
1650
4788
2122
9878
9389
6236
8679
3880
6537
7645
8485
3285
2190
5254
7933
1502
3617
3416
6061
3506
5385
6731
7046
7110
4174
6420
7128
2362
5526
2069
9829
8482
8697
8918
1312
3030
3372
8298
6249
3587
8882
2360
8773
1817
1856
9975
3041
2087
5350
1044
3780
8505
5584
9916
1254
3688
7787
1171
1898
9293
1564
4251
5621
1627
9281
7619
4605
7056
6633
1343
7246
3069
7066
6328
9879
6483
6908
9370
7196
7750
7958
3341
9754
5048
7905
2462
9965
3540
9583
3226
7353
2795
4539
4985
9579
5752
9473
8764
5342
7283
4209
6039
6273
6991
2633
2833
8305
1990
3115
2100
3623
5937
9472
3905
3764
5769
8346
6229
3015
8840
1247
6768
6971
2692
5739
9071
4713
9218
7303
6793
6205
9026
7803
6869
5189
2107
2981
8554
6965
8444
2685
9201
6669
2803
3805
6821
2330
4638
1823
6621
3809
7998
2733
6121
8854
6025
6297
3786
1808
7387
9772
2346
3903
1511
9134
4310
1420
9075
1614
2907
5292
1889
4084
8478
9044
4192
3909
4691
7890
8990
7694
1384
7621
1187
1148
6786
5110
6389
8270
9921
1257
5972
4838
9047
9203
7548
2519
1546
2419
3528
6251
1210
4912
3027
9857
2690
3500
2511
3366
6337
5381
5624
1983
6666
3250
7560
3430
5899
5498
6359
7039
8752
5902
1785
7661
5955
6528
4994
9276
7674
8052
6815
6630
1988
8122
5719
8609
3968
9687
4668
5029
2025
4647
6446
1109
9647
5365
7339
9638
6006
8319
5667
5294
9794
8712
7699
8722
6132
1870
4347
6645
7584
8496
6152
4079
7436
7192
2811
8175
1200
1781
8093
8275
3496
9184
4410
3102
6720
5451
9411
7912
1004
8480
2284
9272
7989
2723
3766
3274
6679
6295
8290
9367
7904
1137
6638
3545
1631
7440
4964
2038
1025
1021
1695
8387
7804
2243
8605
4002
2121
4379
9584
6441
6566
3645
5239
2260
3185
5453
8950
9085
8489
3040
3783
8600
9591
2206
4027
6740
1080
3591
6260
6981
4734
3998
8484
1407
5224
3254
5402
9536
8686
6677
3818
7206
7805
2178
9759
1159
5626
6388
1041
5721
7731
4115
3830
5228
2130
4616
7309
6592
9268
9192
7169
3929
9190
1528
4533
2839
1022
3938
7990
1654
2797
9246
7947
9941
9147
3721
6066
1600
6058
4594
7603
9925
2752
4172
5653
9437
3335
4582
6852
4180
7706
2163
9668
2217
1882
9674
3419
4279
8643
3431
7489
3535
6108
7395
8534
7782
4572
8777
1787
8164
6374
8385
3376
4997
9172
7003
6510
9731
5069
6012
7228
5168
3560
1091
2461
8067
1725
7316
4932
2728
4087
3405
2417
2571
2976
5354
3859
5277
2490
4017
7165
3696
6552
7824
5291
5910
3771
9929
9445
5204
8332
9211
5049
5506
7076
4333
1884
8544
3060
6500
6900
1922
2607
5396
4433
6293
1497
5489
5790
8162
9993
7270
6880
3014
2586
1161
9592
9951
2056
1252
5389
8169
7376
8804
6567
2801
6896
7648
3467
4096
1467
3777
6562
2333
2297
9920
1051
3475
8587
5517
9612
1869
6162
1499
8614
1716
2129
3505
3548
3036
7264
6569
7152
6591
6204
3773
6330
4342
8479
9906
4622
1653
4178
6819
9027
5844
2331
3524
9116
7687
8910
7835
1339
1433
7582
2854
8996
7148
8297
9358
7700
7632
1064
9230
5103
9295
3125
1764
4881
5037
7371
2532
8244
6485
4403
4229
6438
7448
1826
6046
7479
1130
4804
3983
1710
5856
1516
6368
3952
6584
1989
8342
2891
4387
6146
2230
4323
3687
5639
9945
3649
6585
7244
9378
8399
3151
8087
5748
1827
5216
9250
2432
9451
7575
2278
5011
8676
4043
3410
6624
1331
7417
7153
1347
6113
3367
7474
6364
6535
3738
9806
1334
2558
6498
7780
6244
4462
7822
3492
3195
5852
3569
3636
2440
5658
4903
2431
9926
1623
1941
9487
8763
1088
7994
8817
8857
1394
2680
1418
9450
3679
5685
2487
7718
6191
4099
6101
3378
4216
8964
3411
3509
6882
5993
2619
9290
9710
9751
8577
8448
5441
8126
2600
6525
7136
9561
2747
6428
1388
2005
9986
9248
5975
1955
9234
1387
6155
4146
7788
5299
5111
7662
3935
6700
9017
4522
7736
4527
1419
6376
1762
9020
1450
4821
4442
2394
7893
7776
5089
7883
6499
1208
2145
7058
7623
2477
8842
6845
9088
4195
8400
6879
1284
8221
2512
3709
5249
9933
5325
7618
3228
1299
8521
9348
1491
4095
4057
8943
5632
7442
4281
1530
5276
7389
5013
1440
9713
3741
4225
4563
1465
4295
6828
4107
2450
8637
6405
7108
7647
2366
6873
6310
1452
7197
3878
8678
8997
4980
4620
4280
7683
1227
2941
2553
1541
3460
3690
3614
9009
3234
7769
1412
2886
6917
7132
5442
5676
9315
9725
6637
5612
2665
2791
8464
3811
4472
5803
6435
3907
7884
4124
9011
9029
9607
5332
1460
6095
5923
4401
5642
7717
6024
2307
9576
9785
8786
8888
1874
5771
6198
5021
7044
6084
1232
2254
8234
8255
9599
3810
1220
5073
4650
3422
5792
7898
5260
9154
4133
8168
7487
8506
2464
9468
2221
4884
8027
5578
1052
7188
6905
9063
6209
4100
1074
2887
8214
3463
5355
6770
6903
4767
6136
6893
4735
3265
8167
9849
5169
3490
4808
2051
2721
7969
7154
8981
7018
5060
8728
7462
7831
1448
2337
8085
9868
1095
7381
2551
5521
7407
1358
6593
2085
5538
7866
2979
4977
4013
4361
3306
3481
4844
9862
8492
6059
4829
6777
5718
3314
5504
2233
2696
3532
6424
8268
1325
5552
3583
6129
7707
2901
8476
4354
5756
5308
9555
1425
6487
8751
9550
5271
9342
1081
3951
2857
2334
7240
2386
5980
7918
2877
3977
6572
9455
4400
7901
7637
9693
9466
2247
9855
8209
3019
5220
1994
7037
9887
7968
1529
1239
4104
8032
8333
8035
3357
6373
8439
8875
9980
6399
3261
9643
2909
1977
2404
4587
2821
2523
7151
3257
2745
3790
4777
1938
7644
4901
6291
5847
5761
1730
1521
8174
2525
4502
6004
4184
6888
8374
5237
2968
2428
8215
7232
4373
4167
5825
9611
2429
2969
9346
1357
6461
7185
7850
4367
9877
6982
5057
6549
2564
4222
1774
3918
9457
4939
6556
3454
4810
3510
2544
6662
6558
3788
4377
1098
2119
5775
9081
2403
9148
4482
6042
6180
3126
1183
9189
5250
8075
8014
4086
3889
2427
2672
2300
5807
9036
8139
2704
9805
3269
6097
7478
1154
2651
6864
4942
2421
6970
7942
3913
9532
3958
9350
1591
2004
1855
2945
1819
2434
2108
8057
1470
4358
3271
9863
2992
1853
3527
5920
2049
6290
6264
2722
9531
1260
3544
3302
9639
8208
6139
1824
4624
6035
6942
5811
2669
4630
6304
3618
9303
2541
2515
7167
8344
8754
8713
3726
4326
4426
9686
2623
3473
9971
9160
1558
1732
7230
4384
1142
4667
1363
1029
4701
2098
8230
4523
9989
5664
9508
4420
5023
7493
3442
7203
6322
9605
9799
4131
3300
1703
8608
6555
6675
2549
2693
4011
8616
1504
8334
8557
5028
5209
3516
3120
1444
2658
4526
3240
8945
7907
3000
1442
7463
5740
4553
2068
8172
6967
8211
5700
5766
1207
7948
8368
2826
6020
2393
7746
8833
3597
1364
7518
4706
6808
4703
2479
6989
5893
7109
9957
5310
1251
9525
5509
8237
7445
5269
8598
3237
5962
8958
2709
8296
5657
9277
4159
1545
9915
3590
6305
4007
4470
4535
8500
6410
9156
8551
6912
4662
6663
5090
5158
1742
7909
9717
6329
2561
2274
9860
7794
8891
9485
7140
5978
9337
9568
2593
8205
7508
3756
5340
7870
2198
8508
9229
2319
4479
8138
6221
3829
2202
4513
3693
2099
5793
1953
2359
9704
7663
3850
9820
6799
8486
2984
5809
6801
3626
3447
2240
9478
8457
5713
9436
2070
3046
5855
3344
5135
7242
2767
8805
5630
4234
4843
2282
8282
8312
7636
9981
9399
2905
1611
1068
9598
8150
8874
5180
2497
1459
7121
8618
8103
3836
5371
5139
8971
8273
5874
1754
1514
9415
3421
7924
4510
4486
7358
1175
2711
8095
1058
3263
8436
3522
9298
7611
3891
1110
9623
8846
4715
3002
5303
1900
2684
6474
7291
7120
5699
2530
7322
1802
5505
8455
3469
6790
9827
9204
4595
7311
5673
5510
9749
8279
3990
2454
8041
1016
7150
8968
9448
4989
8265
2442
4411
9636
7236
6595
6419
2863
5541
4948
5890
9176
4419
4679
3592
9042
2910
6355
6639
5648
1178
1669
4189
2718
1462
7583
1486
3930
7217
1289
2842
9245
9492
7669
4128
9239
5450
9332
1543
9397
1816
4665
4259
2898
5184
2413
7812
4121
2036
1381
8409
5102
2980
5436
2287
6851
6674
3436
5881
1059
6929
9523
5698
9254
1399
5814
7781
1123
7349
4328
4014
1769
9041
1050
3666
5716
6501
2285
3320
7703
2934
4656
2872
2652
7938
4389
3737
1198
4741
4485
3373
6725
4784
9609
4629
2994
9970
5730
9349
9443
2824
3586
9138
4073
2158
4010
8491
8709
2949
2057
7646
5156
1632
8789
2595
2783
8514
8522
1913
3055
9405
7852
3794
8179
4335
7310
5281
6810
1458
3746
2253
8266
2405
1551
9625
7161
3331
9264
7529
6785
8033
5672
4114
5675
3616
9942
2641
6202
5039
1319
8091
7256
5749
7036
2301
3846
1400
5888
2703
2657
6119
1119
9881
7177
8380
6723
7009
8469
1194
6968
1790
6275
1302
8828
8893
9016
1340
6522
9944
4938
2769
7191
9839
8797
2830
9793
3322
3298
2843
6022
2790
8923
5490
8829
6356
3539
2787
1867
6734
5956
4055
5512
4483
1644
3134
3654
3989
4202
5974
6910
6049
8543
2227
1043
5837
1712
6476
1436
5575
1733
8176
7182
4495
7494
5824
3570
2989
3433
8373
5805
5702
3048
7257
9740
5316
8094
1310
4154
1005
8003
5860
3941
7565
1039
7174
3512
8831
3702
7345
1538
1723
2643
8418
4688
7766
6354
1692
4561
6214
4832
8060
2556
5447
1628
2612
5939
1253
9800
8313
6282
1684
2281
3841
7559
5070
4406
2504
6323
4152
4925
3501
7825
4534
6594
4625
8043
4957
8715
3199
1744
2315
5456
2960
7725
4391
8259
8705
7483
7243
1803
4982
2902
3398
8701
8474
4390
1801
4325
6952
6804
3094
9226
9954
5193
5009
6478
5613
4127
7176
3582
8694
9511
3551
9566
7355
4632
4029
4919
7429
3834
3276
7531
8246
6071
4674
2212
8651
6398
7125
7199
3775
1120
4457
7628
8117
9273
7019
5780
7068
7158
5533
5548
3332
3795
7476
5395
5428
8536
7972
3910
7613
7649
5106
4255
8556
6997
2353
9817
2996
7678
3739
7017
4865
9198
8226
9545
8670
2205
7799
6023
9908
8248
1471
1731
7854
5544
9053
9700
5507
1539
8599
6842
4880
1285
2749
4946
5347
3651
5185
2970
8090
4210
9046
2182
9233
4727
3352
6722
7988
3395
2035
9089
9747
8636
4220
3033
1234
5040
5876
2184
8219
8158
3343
4576
7351
1619
4906
4868
3843
2951
8553
2430
8743
3956
9004
5043
7045
8038
2350
4711
1773
1836
7868
9388
3317
2157
3192
4205
5545
7620
4037
6984
4204
8725
4022
7413
3659
1949
5360
6466
6026
9756
6279
6902
1035
3304
3330
1476
5138
7555
8603
2868
6257
1124
8809
4887
3615
2743
4132
1895
2063
1108
5616
4583
4427
4645
5345
4851
3784
5609
8114
9420
1737
8607
6994
4565
2660
8431
1831
6392
9356
4090
5079
9318
3402
9322
2104
9393
8753
5312
6853
7680
1406
1649
8758
4499
9649
2802
9832
4305
6805
3135
6933
2892
6318
9892
3350
1652
3488
9823
8449
9619
9835
6396
7980
2923
1658
9090
3211
7166
8024
9963
9180
8884
2410
1366
3116
6208
5894
3611
4048
4236
7472
2186
1477
6909
6167
9476
3680
3403
5694
3750
9343
5186
9050
5565
7889
6272
6216
7887
9763
9783
1038
9660
6093
2700
3523
5233
9052
7977
5053
4330
6859
1929
9159
6789
2294
2220
8667
6471
4439
6160
9048
3557
5457
7025
8287
6196
4062
1391
7178
7895
4145
4764
2356
4606
7119
8803
1494
1304
3711
5949
4317
2390
9683
9841
2921
6341
2895
6945
5530
3670
3326
9667
6014
9571
9909
5256
3282
9035
9300
7221
1395
9580
5868
1897
5390
9361
1277
5823
1877
6519
6899
9080
8123
1409
2955
2475
4860
6054
4352
1324
5746
2837
6336
5818
9408
7921
1401
8405
1176
3517
2664
3486
5669
6771
1493
9113
4094
8136
4253
1428
2646
3854
7986
1293
9083
9666
9402
5574
9721
6920
1804
6949
3988
7011
6610
7428
9530
2964
3823
6289
8666
1372
2379
4776
4540
2961
6037
8742
4904
1667
7336
7730
2597
3113
2082
6706
7105
3981
5086
6045
3662
1805
8127
9463
2026
7594
5246
4712
7549
1245
6284
2592
4337
2527
2678
7385
9396
8076
8892
6919
6698
1633
6351
8980
7117
9119
5121
7740
7964
7378
2679
9359
1812
6682
3620
9528
7681
8610
5986
3898
8411
4591
4755
6327
4490
2327
1069
5789
3103
6788
6335
8542
5473
7348
9023
9898
1345
6693
8242
5970
9185
9940
4498
6085
5173
3763
2775
5522
9199
5966
1238
4532
9022
4910
8098
4237
1749
2189
9949
7962
2676
3932
3782
1199
6809
9458
6825
6391
5142
5430
8781
6416
6542
7826
1704
5497
1561
2265
1105
1057
5425
7563
8371
5476
1942
2012
3900
7350
7070
5200
7319
5579
1144
9078
1859
2120
7477
1980
4819
9475
4208
2982
4065
7294
3444
4581
3714
7612
3863
4344
3995
7129
4135
6915
2007
4690
7610
3308
2635
3342
3534
5738
3960
6265
5529
5531
8142
3207
2948
9669
6361
9158
5418
5155
5118
5915
7367
3596
9130
3477
4570
1813
5861
7757
1197
2053
2201
8204
8360
7126
6464
5175
8749
2748
5286
8106
4896
8311
5311
6834
3044
3159
1027
5889
6966
6926
8225
8975
3491
2276
9375
3208
2579
1617
5598
4042
1875
1042
7806
3813
7823
7665
8384
9976
9529
1500
4293
4893
1925
6082
1014
6031
1126
4976
1789
7219
6114
3414
2369
5636
5535
3648
7811
6647
8673
4399
3584
4894
2473
9802
3699
1093
8271
2008
5659
9288
7164
4303
1075
8124
1972
4806
3748
9483
9237
6891
4611
5633
7913
6115
2324
4157
7328
4551
5145
7729
6344
5038
1629
2730
3016
3792
2228
4224
9431
9123
3641
3206
6918
7571
9107
1613
4158
2806
6940
4599
7983
7690
6362
3163
8440
1371
2608
3619
3848
7955
5757
2712
6807
3248
1480
7654
4547
3466
3937
7832
8883
2865
1447
2368
8283
2352
8146
2776
9847
3964
8757
5161
7211
7936
9428
6872
5701
3260
5588
9524
4283
9716
4923
9549
9973
4541
3093
4531
8495
2081
9867
9904
4003
7984
4518
2528
3542
8147
8184
7313
2845
4975
1860
1231
4661
8628
1798
3175
4709
2391
7170
9766
1336
3191
3340
8498
9106
7695
9656
2963
3210
3499
1638
9558
4327
1675
6906
4514
6814
3368
4368
7530
3076
1577
2335
8039
2653
8895
5590
8200
8528
1300
6643
9854
9816
5353
5862
8826
6806
7609
9961
6524
2827
1463
9261
5747
4675
1720
2414
4019
3382
8137
3901
9382
4635
6701
6775
4207
9196
6227
7653
5278
4885
6111
6521
5838
6418
5635
6238
6397
3470
3311
2103
1235
1295
5346
4112
1845
2942
4509
7732
7932
4072
4568
4754
2706
7503
6848
7597
3272
9830
5875
2101
2884
6613
6462
4618
6043
9626
1379
6138
2483
4726
9262
5295
5681
3053
1985
7030
8196
8772
8768
2937
1164
7847
9292
6269
6680
9692
8256
3947
5954
5711
7419
1843
7001
2977
6520
1872
6013
8135
5958
5717
4398
3769
3665
4213
1777
6651
3521
5218
6589
6011
6978
2420
1908
8681
7501
1685
1659
9930
7363
9000
2289
5234
2048
7768
6325
4068
2357
5826
6008
4340
4103
7205
9297
7966
8318
6898
6554
7874
5836
5495
8948
6349
9787
4716
2439
8438
7248
1046
1971
9634
2611
7162
8101
2046
3842
7083
5678
1117
6300
1714
1241
2241
7999
1237
3010
8159
8276
8708
4696
9846
3107
8460
2864
7279
1590
4421
9208
1666
2818
2560
9724
5373
7198
1405
9462
8109
2750
8426
7216
2656
8904
6616
3379
1090
5753
7049
9764
7020
8814
8022
5399
3255
9174
4089
5270
5319
7391
7963
5052
7944
8837
3462
9210
1532
3280
1414
1019
2252
1007
3747
5655
8836
9394
3219
1635
5597
9501
8105
2618
7837
6974
6482
9974
5558
6382
1297
7817
2536
9901
1445
3944
9380
7785
2494
2770
3130
6450
4740
2766
7607
7949
7908
3686
9936
4230
6063
8852
1871
2782
1296
2701
1683
3391
4800
5715
4343
5562
7808
7737
5964
2565
1048
8247
6702
7481
5779
7301
2594
6241
7403
3631
2742
3762
6972
3498
7954
5665
8494
7275
3742
1520
7532
3005
4762
5513
3706
6992
9934
2250
3143
7741
7021
3294
9900
8654
1512
4643
8560
2054
9699
8359
7094
4444
9341
9464
9507
5241
7312
1997
2195
5113
4793
9129
8473
1243
3970
7617
3860
9243
2531
7488
6386
9173
1583
5410
4908
2956
8593
5952
3150
2810
9453
8427
8523
3209
7281
2760
7172
6490
2489
9100
9045
7163
6237
1625
5065
8004
1329
5372
5100
7668
9232
2548
9842
1218
5969
5690
4669
4119
8133
9186
8766
6069
6694
9055
3974
8632
8987
7090
3803
7499
4852
9010
4218
7261
4944
1963
4285
3689
6692
8501
8001
3155
1290
4250
5908
2210
9086
7635
4200
2185
7002
6019
7307
2375
6303
8171
2954
6874
9646
9597
8887
5933
3578
7079
5953
4683
5913
2707
4849
4917
8859
8407
4634
5008
3723
2499
2109
2555
4536
5989
6628
4235
3074
4673
9859
1999
1642
4761
2697
9369
8947
7796
4738
6472
9581
9072
7065
2503
1794
9118
3392
6465
5651
7639
9471
1085
4432
3751
8790
8552
4196
3355
3205
8199
8343
6094
8331
9697
8108
7447
7863
7187
8718
7238
9984
7545
1697
2559
6268
8336
2816
8818
8937
4970
4824
3039
4070
9094
9665
4936
6296
3042
9645
3710
6123
5440
1844
1158
5119
5020
1359
5087
9903
1814
8623
8579
6288
2043
7975
4886
7115
3423
9187
9586
6343
7957
9861
3652
6751
4334
6411
2740
9534
3984
5873
8652
6986
4319
3884
5959
7344
7130
5331
7245
6417
3575
9621
9441
3678
5484
5662
9105
5098
4294
7416
6622
6617
9737
8867
1640
2971
6640
3954
6741
9865
7959
9070
5096
4097
8386
5858
9312
1033
9739
9659
9066
4646
6480
8023
8634
8824
5523
9364
6615
4732
5827
5366
5831
4405
3885
6517
2140
4728
5222
5846
1451
2659
1314
4170
1249
4120
6252
1361
4516
3608
4996
6575
3363
1156
9112
9215
4655
6527
2613
5872
4163
6228
9585
2663
9477
2998
6646
8119
8929
7288
8229
1797
1588
4067
7460
8689
9670
9133
7304
9691
1699
9326
6089
7095
3979
6813
6586
5182
6459
2507
6504
8630
5567
2083
7882
6338
6334
8145
1763
2416
8077
5400
4350
9682
6243
3440
3183
3017
2917
5191
2913
3131
1833
7372
9792
5125
5563
8516
8575
1478
8424
9644
4544
4033
3386
2674
2836
1181
7470
3029
3494
4958
9183
9789
6580
3188
7709
2778
8832
9058
5097
4496
4986
7412
6005
5543
9128
2382
8310
9786
9460
1146
2799
7266
2637
5754
5077
6758
2039
4407
2899
5017
1177
1456
4370
7193
8558
9730
9223
9082
1674
9825
8821
8573
5900
5375
8512
6763
6518
8733
9304
5192
5851
4564
6321
3719
5435
8177
7097
3118
6358
3916
9114
2133
5201
2756
1036
4598
7810
5770
2451
8292
1753
2344
6773
3563
5263
6451
8688
2196
1834
3347
7537
6107
8511
4292
5537
5945
2401
4315
8339
8180
9038
6843
5992
2888
3359
3401
3437
7598
8870
6489
3453
1899
5137
3660
2226
8992
7941
3767
3171
2480
6996
6463
4363
2841
2320
1269
1188
6124
6182
4478
1690
2655
9594
2323
7723
2452
9503
8037
4933
8771
4900
7214
4798
1062
8217
1313
9491
4664
9801
2496
6746
4142
9177
8592
2735
3519
5240
5460
9228
9703
5542
6187
4456
5324
9803
6468
9562
8949
8979
3791
3148
2092
8641
3515
6270
1426
7923
9726
7290
2389
3708
4897
8243
7361
2691
3508
2991
5445
6644
5879
5854
8525
1918
1427
6512
3760
1574
2364
5751
8897
4051
3428
8526
7273
4349
9179
6907
4028
2874
6962
6921
3768
6697
7484
3329
3607
5044
9265
2402
1466
2061
4600
4437
5122
4920
9387
8585
6203
8559
6331
6170
5947
3526
1276
7885
9885
1846
3383
7437
1031
5540
3072
8963
2654
7032
8580
9056
4571
5927
4187
2343
3052
4873
4905
2498
9269
3674
7315
6601
7229
4063
3114
3404
8985
8397
5358
8601
6259
5727
6065
1726
5798
2213
9496
1377
8645
3824
6608
7330
5576
2066
2897
3334
5159
5412
4708
2632
2847
8770
7660
4787
2177
1566
5983
6402
7408
5284
1701
4512
1104
7461
3140
4458
9924
5063
5534
2303
2768
4191
7262
6185
5691
7629
2987
4648
2311
4148
3070
2256
3588
6505
3351
1880
6246
6219
9864
8212
7640
2508
3073
7100
3961
8782
5641
2809
4429
2211
2584
9256
1380
2045
9255
9959
2272
9037
8121
5519
8635
2147
5842
1337
8053
5592
2400
7979
5619
6767
5391
5734
4981
6844
3068
3223
7180
3629
2040
3095
5941
6629
5144
2222
6634
2986
4069
4450
2336
1013
9398
8550
9302
9416
8675
8991
7475
7359
1286
8588
9065
8611
7919
6348
4515
8450
8301
6596
9588
5296
4424
1535
3063
3732
8911
9999
3457
8901
8350
7441
6830
2871
7007
9401
2310
9570
6440
2820
6854
8030
6990
1544
7223
6385
7567
9219
9896
5985
4528
9504
6400
7073
1441
9270
4653
4574
2126
3550
3324
3459
8379
2501
3828
5850
5245
9652
7801
1740
8719
8345
3663
5982
5885
1835
6053
8144
4615
5377
4789
9360
6166
4623
1554
5339
9515
4116
6057
6895
1954
1933
1332
5420
3222
5214
4380
6623
7659
2361
7377
8594
8984
8855
9510
7137
4524
7797
4076
2846
8663
7116
6078
7052
2229
4409
1362
8672
7063
9374
6258
3657
8755
6467
2237
8325
6803
1240
1548
8957
6739
6759
3698
7819
6835
4324
1128
4833
3455
9060
6088
9635
6372
8063
2627
3858
1903
8074
2118
2876
4274
4817
8382
4792
7047
3837
8584
5146
9821
2616
3558
2208
7581
5547
3035
3415
3715
4149
8624
4803
6280
7390
8013
2071
5432
6655
4926
6960
9979
2629
4746
7263
7813
4614
8735
6772
6884
1082
7480
8218
2176
2792
3894
2415
8435
4772
1598
2534
9762
9157
1360
4607
9240
5422
4504
3868
8518
1272
2914
7748
1702
5607
7086
1225
4101
8361
9671
8912
3212
4441
7714
4397
4519
4165
3845
6486
8370
2345
1348
1020
4005
3408
3826
2465
1681
1568
3606
8286
3518
4858
2407
4892
4378
4560
5401
9495
7900
7183
1114
4973
4179
9988
3753
5235
2834
8251
5921
1711
9258
7401
9871
6256
1915
2668
1722
1569
4729
8955
7934
1089
2308
9311
4718
1389
5508
9135
8329
8051
1017
9054
2859
7231
9103
1602
6737
3752
7927
8972
4652
7318
7642
1172
3472
9064
6470
8326
2338
9593
2446
4952
3096
1226
2426
6262
5181
1570
5617
9278
5282
4963
5197
5253
2493
8982
4500
2325
8062
5429
8576
7335
7452
6571
5128
8009
6604
3286
8228
4241
8017
7857
6756
2974
1513
8970
1618
1010
8951
6285
9013
4198
6736
3871
5059
8471
1106
6943
8696
7332
4644
6631
1280
8853
2570
7722
2088
6225
4950
2938
5238
8020
9689
8294
5369
9274
6153
1909
7000
6103
1567
7189
4714
8349
2302
8036
8613
5252
7869
6449
5417
7133
5934
8890
8388
6173
3724
7334
2266
8720
9556
6040
2675
1783
6109
8860
2097
2034
2436
6157
4641
4025
4567
6350
8264
7084
2959
9992
3572
3640
3215
7574
7720
2506
6959
4455
1758
6605
1517
1927
2143
7716
8415
7522
4262
6409
8960
3963
5290
3547
5646
8956
3092
7576
4680
9882
7672
9688
8865
2225
6158
1676
3825
8699
9141
3869
8398
3051
8389
6077
8938
6403
4362
3933
3552
7592
9833
7843
5887
9567
2014
6856
9391
3949
1864
5363
1656
6508
7965
1849
9214
5496
3504
3427
9449
8917
8056
3675
8711
3161
4265
5094
1132
3435
2484
9021
6670
7171
8850
3924
8323
7671
1887
1739
5438
9994
3622
7067
8421
9603
8519
6619
9629
4353
5297
2620
6422
6301
1735
6235
4742
5971
1352
3529
9819
7836
7848
9069
1766
8016
1719
1924
5686
2796
4913
4129
2290
8830
8866
9043
4228
6458
9252
2882
4960
1489
5549
8222
6691
6757
3585
7627
9030
4009
3170
1542
4628
5998
3078
1786
4720
4631
1431
9188
1151
2162
2973
6827
1205
5625
6102
4719
2713
4137
8504
6794
3086
1032
9673
9723
9546
5905
4694
6935
5215
8008
6429
1078
3744
1958
8922
7370
7996
3729
2862
5042
6255
7727
2093
8099
4020
5002
2972
7173
4141
4381
4814
7920
7388
2677
5743
2731
5871
4687
3220
7728
6563
4392
6210
1645
4364
3761
9564
5464
5559
3089
2904
7992
6648
1184
8847
3104
8665
7511
6838
2563
2406
4724
6950
9590
7929
1810
3158
8750
1741
1717
8674
5474
7438
2729
4447
4586
7181
6087
2715
2518
6708
4998
4385
4889
8007
3480
4221
4543
1832
2688
2650
6147
9417
6175
5706
1301
3730
9744
3807
4244
2931
1259
1410
4876
2893
6743
5147
1002
7410
3856
7455
6837
4760
4173
9672
1825
4058
1518
4768
5491
3866
7054
9235
1353
4666
4130
6292
1525
1045
7693
4971
6766
8567
3890
3865
8730
5251
6096
1411
8706
9614
5569
5503
9752
8042
9425
5830
2050
7763
3253
2437
3565
3346
6979
1556
5614
3099
6164
6564
9890
1893
1157
4484
5762
2873
7814
2786
5539
6434
2754
8250
2173
4962
1140
6980
2321
5708
2015
9798
5511
1092
5206
9231
3295
2975
1601
8018
3325
6366
6266
4871
2542
2010
2838
4071
1193
8112
5485
4796
4338
8848
2445
7337
6557
9912
8392
2610
8238
3476
1006
3186
3152
1488
8487
7504
3429
9618
5338
7650
1708
4371
2273
7004
4995
6931
3722
7268
7950
5386
1854
5317
4440
6932
4753
2313
7764
9613
9427
2193
3564
4924
5388
3023
6217
2967
2505
8810
8677
7928
4242
5622
4061
4035
9873
6710
5134
6791
5820
8795
1429
4412
3081
9111
9544
2059
5470
4296
3448
8395
3173
4052
8347
4929
8885
6188
1454
9166
6352
3484
4049
1936
7721
6183
9334
6877
6579
8403
2870
7667
9439
