1
2
3
4
5
6
7
8
9
10
11
12
13
14
15
16
17
18
19
20
21
22
23
24
25
26
27
28
29
30
31
32
33
34
35
36
37
38
39
40
41
42
43
44
45
46
47
48
49
50
51
52
53
54
55
56
57
58
59
60
61
62
63
64
65
66
67
68
69
70
71
72
73
74
75
76
77
78
79
80
81
82
83
84
85
86
87
88
89
90
91
92
93
94
95
96
97
98
99
100
101
102
103
104
105
106
107
108
109
110
111
112
113
114
115
116
117
118
119
120
121
122
123
124
125
126
127
128
129
130
131
132
133
134
135
136
137
138
139
140
141
142
143
144
145
146
147
148
149
150
151
152
153
154
155
156
157
158
159
160
161
162
163
164
165
166
167
168
169
170
171
172
173
174
175
176
177
178
179
180
181
182
183
184
185
186
187
188
189
190
191
192
193
194
195
196
197
198
199
200
201
202
203
204
205
206
207
208
209
210
211
212
213
214
215
216
217
218
219
220
221
222
223
224
225
226
227
228
229
230
231
232
233
234
235
236
237
238
239
240
241
242
243
244
245
246
247
248
249
250
251
252
253
254
255
256
257
258
259
260
261
262
263
264
265
266
267
268
269
270
271
272
273
274
275
276
277
278
279
280
281
282
283
284
285
286
287
288
289
290
291
292
293
294
295
296
297
298
299
300
301
302
303
304
305
306
307
308
309
310
311
312
313
314
315
316
317
318
319
320
321
322
323
324
325
326
327
328
329
330
331
332
333
334
335
336
337
338
339
340
341
342
343
344
345
346
347
348
349
350
351
352
353
354
355
356
357
358
359
360
361
362
363
364
365
366
367
368
369
370
371
372
373
374
375
376
377
378
379
380
381
382
383
384
385
386
387
388
389
390
391
392
393
394
395
396
397
398
399
400
401
402
403
404
405
406
407
408
409
410
411
412
413
414
415
416
417
418
419
420
421
422
423
424
425
426
427
428
429
430
431
432
433
434
435
436
437
438
439
440
441
442
443
444
445
446
447
448
449
450
451
452
453
454
455
456
457
458
459
460
461
462
463
464
465
466
467
468
469
470
471
472
473
474
475
476
477
478
479
480
481
482
483
484
485
486
487
488
489
490
491
492
493
494
495
496
497
498
499
500
501
502
503
504
505
506
507
508
509
510
511
512
513
514
515
516
517
518
519
520
521
522
523
524
525
526
527
528
529
530
531
532
533
534
535
536
537
538
539
540
541
542
543
544
545
546
547
548
549
550
551
552
553
554
555
556
557
558
559
560
561
562
563
564
565
566
567
568
569
570
571
572
573
574
575
576
577
578
579
580
581
582
583
584
585
586
587
588
589
590
591
592
593
594
595
596
597
598
599
600
601
602
603
604
605
606
607
608
609
610
611
612
613
614
615
616
617
618
619
620
621
622
623
624
625
626
627
628
629
630
631
632
633
634
635
636
637
638
639
640
641
642
643
644
645
646
647
648
649
650
651
652
653
654
655
656
657
658
659
660
661
662
663
664
665
666
667
668
669
670
671
672
673
674
675
676
677
678
679
680
681
682
683
684
685
686
687
688
689
690
691
692
693
694
695
696
697
698
699
700
701
702
703
704
705
706
707
708
709
710
711
712
713
714
715
716
717
718
719
720
721
722
723
724
725
726
727
728
729
730
731
732
733
734
735
736
737
738
739
740
741
742
743
744
745
746
747
748
749
750
751
752
753
754
755
756
757
758
759
760
761
762
763
764
765
766
767
768
769
770
771
772
773
774
775
776
777
778
779
780
781
782
783
784
785
786
787
788
789
790
791
792
793
794
795
796
797
798
799
800
801
802
803
804
805
806
807
808
809
810
811
812
813
814
815
816
817
818
819
820
821
822
823
824
825
826
827
828
829
830
831
832
833
834
835
836
837
838
839
840
841
842
843
844
845
846
847
848
849
850
851
852
853
854
855
856
857
858
859
860
861
862
863
864
865
866
867
868
869
870
871
872
873
874
875
876
877
878
879
880
881
882
883
884
885
886
887
888
889
890
891
892
893
894
895
896
897
898
899
900
901
902
903
904
905
906
907
908
909
910
911
912
913
914
915
916
917
918
919
920
921
922
923
924
925
926
927
928
929
930
931
932
933
934
935
936
937
938
939
940
941
942
943
944
945
946
947
948
949
950
951
952
953
954
955
956
957
958
959
960
961
962
963
964
965
966
967
968
969
970
971
972
973
974
975
976
977
978
979
980
981
982
983
984
985
986
987
988
989
990
991
992
993
994
995
996
997
998
999
1000
1001
1002
1003
1004
1005
1006
1007
1008
1009
1010
1011
1012
1013
1014
1015
1016
1017
1018
1019
1020
1021
1022
1023
1024
1025
1026
1027
1028
1029
1030
1031
1032
1033
1034
1035
1036
1037
1038
1039
1040
1041
1042
1043
1044
1045
1046
1047
1048
1049
1050
1051
1052
1053
1054
1055
1056
1057
1058
1059
1060
1061
1062
1063
1064
1065
1066
1067
1068
1069
1070
1071
1072
1073
1074
1075
1076
1077
1078
1079
1080
1081
1082
1083
1084
1085
1086
1087
1088
1089
1090
1091
1092
1093
1094
1095
1096
1097
1098
1099
1100
1101
1102
1103
1104
1105
1106
1107
1108
1109
1110
1111
1112
1113
1114
1115
1116
1117
1118
1119
1120
1121
1122
1123
1124
1125
1126
1127
1128
1129
1130
1131
1132
1133
1134
1135
1136
1137
1138
1139
1140
1141
1142
1143
1144
1145
1146
1147
1148
1149
1150
1151
1152
1153
1154
1155
1156
1157
1158
1159
1160
1161
1162
1163
1164
1165
1166
1167
1168
1169
1170
1171
1172
1173
1174
1175
1176
1177
1178
1179
1180
1181
1182
1183
1184
1185
1186
1187
1188
1189
1190
1191
1192
1193
1194
1195
1196
1197
1198
1199
1200
1201
1202
1203
1204
1205
1206
1207
1208
1209
1210
1211
1212
1213
1214
1215
1216
1217
1218
1219
1220
1221
1222
1223
1224
1225
1226
1227
1228
1229
1230
1231
1232
1233
1234
1235
1236
1237
1238
1239
1240
1241
1242
1243
1244
1245
1246
1247
1248
1249
1250
1251
1252
1253
1254
1255
1256
1257
1258
1259
1260
1261
1262
1263
1264
1265
1266
1267
1268
1269
1270
1271
1272
1273
1274
1275
1276
1277
1278
1279
1280
1281
1282
1283
1284
1285
1286
1287
1288
1289
1290
1291
1292
1293
1294
1295
1296
1297
1298
1299
1300
1301
1302
1303
1304
1305
1306
1307
1308
1309
1310
1311
1312
1313
1314
1315
1316
1317
1318
1319
1320
1321
1322
1323
1324
1325
1326
1327
1328
1329
1330
1331
1332
1333
1334
1335
1336
1337
1338
1339
1340
1341
1342
1343
1344
1345
1346
1347
1348
1349
1350
1351
1352
1353
1354
1355
1356
1357
1358
1359
1360
1361
1362
1363
1364
1365
1366
1367
1368
1369
1370
1371
1372
1373
1374
1375
1376
1377
1378
1379
1380
1381
1382
1383
1384
1385
1386
1387
1388
1389
1390
1391
1392
1393
1394
1395
1396
1397
1398
1399
1400
1401
1402
1403
1404
1405
1406
1407
1408
1409
1410
1411
1412
1413
1414
1415
1416
1417
1418
1419
1420
1421
1422
1423
1424
1425
1426
1427
1428
1429
1430
1431
1432
1433
1434
1435
1436
1437
1438
1439
1440
1441
1442
1443
1444
1445
1446
1447
1448
1449
1450
1451
1452
1453
1454
1455
1456
1457
1458
1459
1460
1461
1462
1463
1464
1465
1466
1467
1468
1469
1470
1471
1472
1473
1474
1475
1476
1477
1478
1479
1480
1481
1482
1483
1484
1485
1486
1487
1488
1489
1490
1491
1492
1493
1494
1495
1496
1497
1498
1499
1500
1501
1502
1503
1504
1505
1506
1507
1508
1509
1510
1511
1512
1513
1514
1515
1516
1517
1518
1519
1520
1521
1522
1523
1524
1525
1526
1527
1528
1529
1530
1531
1532
1533
1534
1535
1536
1537
1538
1539
1540
1541
1542
1543
1544
1545
1546
1547
1548
1549
1550
1551
1552
1553
1554
1555
1556
1557
1558
1559
1560
1561
1562
1563
1564
1565
1566
1567
1568
1569
1570
1571
1572
1573
1574
1575
1576
1577
1578
1579
1580
1581
1582
1583
1584
1585
1586
1587
1588
1589
1590
1591
1592
1593
1594
1595
1596
1597
1598
1599
1600
1601
1602
1603
1604
1605
1606
1607
1608
1609
1610
1611
1612
1613
1614
1615
1616
1617
1618
1619
1620
1621
1622
1623
1624
1625
1626
1627
1628
1629
1630
1631
1632
1633
1634
1635
1636
1637
1638
1639
1640
1641
1642
1643
1644
1645
1646
1647
1648
1649
1650
1651
1652
1653
1654
1655
1656
1657
1658
1659
1660
1661
1662
1663
1664
1665
1666
1667
1668
1669
1670
1671
1672
1673
1674
1675
1676
1677
1678
1679
1680
1681
1682
1683
1684
1685
1686
1687
1688
1689
1690
1691
1692
1693
1694
1695
1696
1697
1698
1699
1700
1701
1702
1703
1704
1705
1706
1707
1708
1709
1710
1711
1712
1713
1714
1715
1716
1717
1718
1719
1720
1721
1722
1723
1724
1725
1726
1727
1728
1729
1730
1731
1732
1733
1734
1735
1736
1737
1738
1739
1740
1741
1742
1743
1744
1745
1746
1747
1748
1749
1750
1751
1752
1753
1754
1755
1756
1757
1758
1759
1760
1761
1762
1763
1764
1765
1766
1767
1768
1769
1770
1771
1772
1773
1774
1775
1776
1777
1778
1779
1780
1781
1782
1783
1784
1785
1786
1787
1788
1789
1790
1791
1792
1793
1794
1795
1796
1797
1798
1799
1800
1801
1802
1803
1804
1805
1806
1807
1808
1809
1810
1811
1812
1813
1814
1815
1816
1817
1818
1819
1820
1821
1822
1823
1824
1825
1826
1827
1828
1829
1830
1831
1832
1833
1834
1835
1836
1837
1838
1839
1840
1841
1842
1843
1844
1845
1846
1847
1848
1849
1850
1851
1852
1853
1854
1855
1856
1857
1858
1859
1860
1861
1862
1863
1864
1865
1866
1867
1868
1869
1870
1871
1872
1873
1874
1875
1876
1877
1878
1879
1880
1881
1882
1883
1884
1885
1886
1887
1888
1889
1890
1891
1892
1893
1894
1895
1896
1897
1898
1899
1900
1901
1902
1903
1904
1905
1906
1907
1908
1909
1910
1911
1912
1913
1914
1915
1916
1917
1918
1919
1920
1921
1922
1923
1924
1925
1926
1927
1928
1929
1930
1931
1932
1933
1934
1935
1936
1937
1938
1939
1940
1941
1942
1943
1944
1945
1946
1947
1948
1949
1950
1951
1952
1953
1954
1955
1956
1957
1958
1959
1960
1961
1962
1963
1964
1965
1966
1967
1968
1969
1970
1971
1972
1973
1974
1975
1976
1977
1978
1979
1980
1981
1982
1983
1984
1985
1986
1987
1988
1989
1990
1991
1992
1993
1994
1995
1996
1997
1998
1999
2000
2001
2002
2003
2004
2005
2006
2007
2008
2009
2010
2011
2012
2013
2014
2015
2016
2017
2018
2019
2020
2021
2022
2023
2024
2025
2026
2027
2028
2029
2030
2031
2032
2033
2034
2035
2036
2037
2038
2039
2040
2041
2042
2043
2044
2045
2046
2047
2048
2049
2050
2051
2052
2053
2054
2055
2056
2057
2058
2059
2060
2061
2062
2063
2064
2065
2066
2067
2068
2069
2070
2071
2072
2073
2074
2075
2076
2077
2078
2079
2080
2081
2082
2083
2084
2085
2086
2087
2088
2089
2090
2091
2092
2093
2094
2095
2096
2097
2098
2099
2100
2101
2102
2103
2104
2105
2106
2107
2108
2109
2110
2111
2112
2113
2114
2115
2116
2117
2118
2119
2120
2121
2122
2123
2124
2125
2126
2127
2128
2129
2130
2131
2132
2133
2134
2135
2136
2137
2138
2139
2140
2141
2142
2143
2144
2145
2146
2147
2148
2149
2150
2151
2152
2153
2154
2155
2156
2157
2158
2159
2160
2161
2162
2163
2164
2165
2166
2167
2168
2169
2170
2171
2172
2173
2174
2175
2176
2177
2178
2179
2180
2181
2182
2183
2184
2185
2186
2187
2188
2189
2190
2191
2192
2193
2194
2195
2196
2197
2198
2199
2200
2201
2202
2203
2204
2205
2206
2207
2208
2209
2210
2211
2212
2213
2214
2215
2216
2217
2218
2219
2220
2221
2222
2223
2224
2225
2226
2227
2228
2229
2230
2231
2232
2233
2234
2235
2236
2237
2238
2239
2240
2241
2242
2243
2244
2245
2246
2247
2248
2249
2250
2251
2252
2253
2254
2255
2256
2257
2258
2259
2260
2261
2262
2263
2264
2265
2266
2267
2268
2269
2270
2271
2272
2273
2274
2275
2276
2277
2278
2279
2280
2281
2282
2283
2284
2285
2286
2287
2288
2289
2290
2291
2292
2293
2294
2295
2296
2297
2298
2299
2300
2301
2302
2303
2304
2305
2306
2307
2308
2309
2310
2311
2312
2313
2314
2315
2316
2317
2318
2319
2320
2321
2322
2323
2324
2325
2326
2327
2328
2329
2330
2331
2332
2333
2334
2335
2336
2337
2338
2339
2340
2341
2342
2343
2344
2345
2346
2347
2348
2349
2350
2351
2352
2353
2354
2355
2356
2357
2358
2359
2360
2361
2362
2363
2364
2365
2366
2367
2368
2369
2370
2371
2372
2373
2374
2375
2376
2377
2378
2379
2380
2381
2382
2383
2384
2385
2386
2387
2388
2389
2390
2391
2392
2393
2394
2395
2396
2397
2398
2399
2400
2401
2402
2403
2404
2405
2406
2407
2408
2409
2410
2411
2412
2413
2414
2415
2416
2417
2418
2419
2420
2421
2422
2423
2424
2425
2426
2427
2428
2429
2430
2431
2432
2433
2434
2435
2436
2437
2438
2439
2440
2441
2442
2443
2444
2445
2446
2447
2448
2449
2450
2451
2452
2453
2454
2455
2456
2457
2458
2459
2460
2461
2462
2463
2464
2465
2466
2467
2468
2469
2470
2471
2472
2473
2474
2475
2476
2477
2478
2479
2480
2481
2482
2483
2484
2485
2486
2487
2488
2489
2490
2491
2492
2493
2494
2495
2496
2497
2498
2499
2500
2501
2502
2503
2504
2505
2506
2507
2508
2509
2510
2511
2512
2513
2514
2515
2516
2517
2518
2519
2520
2521
2522
2523
2524
2525
2526
2527
2528
2529
2530
2531
2532
2533
2534
2535
2536
2537
2538
2539
2540
2541
2542
2543
2544
2545
2546
2547
2548
2549
2550
2551
2552
2553
2554
2555
2556
2557
2558
2559
2560
2561
2562
2563
2564
2565
2566
2567
2568
2569
2570
2571
2572
2573
2574
2575
2576
2577
2578
2579
2580
2581
2582
2583
2584
2585
2586
2587
2588
2589
2590
2591
2592
2593
2594
2595
2596
2597
2598
2599
2600
2601
2602
2603
2604
2605
2606
2607
2608
2609
2610
2611
2612
2613
2614
2615
2616
2617
2618
2619
2620
2621
2622
2623
2624
2625
2626
2627
2628
2629
2630
2631
2632
2633
2634
2635
2636
2637
2638
2639
2640
2641
2642
2643
2644
2645
2646
2647
2648
2649
2650
2651
2652
2653
2654
2655
2656
2657
2658
2659
2660
2661
2662
2663
2664
2665
2666
2667
2668
2669
2670
2671
2672
2673
2674
2675
2676
2677
2678
2679
2680
2681
2682
2683
2684
2685
2686
2687
2688
2689
2690
2691
2692
2693
2694
2695
2696
2697
2698
2699
2700
2701
2702
2703
2704
2705
2706
2707
2708
2709
2710
2711
2712
2713
2714
2715
2716
2717
2718
2719
2720
2721
2722
2723
2724
2725
2726
2727
2728
2729
2730
2731
2732
2733
2734
2735
2736
2737
2738
2739
2740
2741
2742
2743
2744
2745
2746
2747
2748
2749
2750
2751
2752
2753
2754
2755
2756
2757
2758
2759
2760
2761
2762
2763
2764
2765
2766
2767
2768
2769
2770
2771
2772
2773
2774
2775
2776
2777
2778
2779
2780
2781
2782
2783
2784
2785
2786
2787
2788
2789
2790
2791
2792
2793
2794
2795
2796
2797
2798
2799
2800
2801
2802
2803
2804
2805
2806
2807
2808
2809
2810
2811
2812
2813
2814
2815
2816
2817
2818
2819
2820
2821
2822
2823
2824
2825
2826
2827
2828
2829
2830
2831
2832
2833
2834
2835
2836
2837
2838
2839
2840
2841
2842
2843
2844
2845
2846
2847
2848
2849
2850
2851
2852
2853
2854
2855
2856
2857
2858
2859
2860
2861
2862
2863
2864
2865
2866
2867
2868
2869
2870
2871
2872
2873
2874
2875
2876
2877
2878
2879
2880
2881
2882
2883
2884
2885
2886
2887
2888
2889
2890
2891
2892
2893
2894
2895
2896
2897
2898
2899
2900
2901
2902
2903
2904
2905
2906
2907
2908
2909
2910
2911
2912
2913
2914
2915
2916
2917
2918
2919
2920
2921
2922
2923
2924
2925
2926
2927
2928
2929
2930
2931
2932
2933
2934
2935
2936
2937
2938
2939
2940
2941
2942
2943
2944
2945
2946
2947
2948
2949
2950
2951
2952
2953
2954
2955
2956
2957
2958
2959
2960
2961
2962
2963
2964
2965
2966
2967
2968
2969
2970
2971
2972
2973
2974
2975
2976
2977
2978
2979
2980
2981
2982
2983
2984
2985
2986
2987
2988
2989
2990
2991
2992
2993
2994
2995
2996
2997
2998
2999
3000
3001
3002
3003
3004
3005
3006
3007
3008
3009
3010
3011
3012
3013
3014
3015
3016
3017
3018
3019
3020
3021
3022
3023
3024
3025
3026
3027
3028
3029
3030
3031
3032
3033
3034
3035
3036
3037
3038
3039
3040
3041
3042
3043
3044
3045
3046
3047
3048
3049
3050
3051
3052
3053
3054
3055
3056
3057
3058
3059
3060
3061
3062
3063
3064
3065
3066
3067
3068
3069
3070
3071
3072
3073
3074
3075
3076
3077
3078
3079
3080
3081
3082
3083
3084
3085
3086
3087
3088
3089
3090
3091
3092
3093
3094
3095
3096
3097
3098
3099
3100
3101
3102
3103
3104
3105
3106
3107
3108
3109
3110
3111
3112
3113
3114
3115
3116
3117
3118
3119
3120
3121
3122
3123
3124
3125
3126
3127
3128
3129
3130
3131
3132
3133
3134
3135
3136
3137
3138
3139
3140
3141
3142
3143
3144
3145
3146
3147
3148
3149
3150
3151
3152
3153
3154
3155
3156
3157
3158
3159
3160
3161
3162
3163
3164
3165
3166
3167
3168
3169
3170
3171
3172
3173
3174
3175
3176
3177
3178
3179
3180
3181
3182
3183
3184
3185
3186
3187
3188
3189
3190
3191
3192
3193
3194
3195
3196
3197
3198
3199
3200
3201
3202
3203
3204
3205
3206
3207
3208
3209
3210
3211
3212
3213
3214
3215
3216
3217
3218
3219
3220
3221
3222
3223
3224
3225
3226
3227
3228
3229
3230
3231
3232
3233
3234
3235
3236
3237
3238
3239
3240
3241
3242
3243
3244
3245
3246
3247
3248
3249
3250
3251
3252
3253
3254
3255
3256
3257
3258
3259
3260
3261
3262
3263
3264
3265
3266
3267
3268
3269
3270
3271
3272
3273
3274
3275
3276
3277
3278
3279
3280
3281
3282
3283
3284
3285
3286
3287
3288
3289
3290
3291
3292
3293
3294
3295
3296
3297
3298
3299
3300
3301
3302
3303
3304
3305
3306
3307
3308
3309
3310
3311
3312
3313
3314
3315
3316
3317
3318
3319
3320
3321
3322
3323
3324
3325
3326
3327
3328
3329
3330
3331
3332
3333
3334
3335
3336
3337
3338
3339
3340
3341
3342
3343
3344
3345
3346
3347
3348
3349
3350
3351
3352
3353
3354
3355
3356
3357
3358
3359
3360
3361
3362
3363
3364
3365
3366
3367
3368
3369
3370
3371
3372
3373
3374
3375
3376
3377
3378
3379
3380
3381
3382
3383
3384
3385
3386
3387
3388
3389
3390
3391
3392
3393
3394
3395
3396
3397
3398
3399
3400
3401
3402
3403
3404
3405
3406
3407
3408
3409
3410
3411
3412
3413
3414
3415
3416
3417
3418
3419
3420
3421
3422
3423
3424
3425
3426
3427
3428
3429
3430
3431
3432
3433
3434
3435
3436
3437
3438
3439
3440
3441
3442
3443
3444
3445
3446
3447
3448
3449
3450
3451
3452
3453
3454
3455
3456
3457
3458
3459
3460
3461
3462
3463
3464
3465
3466
3467
3468
3469
3470
3471
3472
3473
3474
3475
3476
3477
3478
3479
3480
3481
3482
3483
3484
3485
3486
3487
3488
3489
3490
3491
3492
3493
3494
3495
3496
3497
3498
3499
3500
3501
3502
3503
3504
3505
3506
3507
3508
3509
3510
3511
3512
3513
3514
3515
3516
3517
3518
3519
3520
3521
3522
3523
3524
3525
3526
3527
3528
3529
3530
3531
3532
3533
3534
3535
3536
3537
3538
3539
3540
3541
3542
3543
3544
3545
3546
3547
3548
3549
3550
3551
3552
3553
3554
3555
3556
3557
3558
3559
3560
3561
3562
3563
3564
3565
3566
3567
3568
3569
3570
3571
3572
3573
3574
3575
3576
3577
3578
3579
3580
3581
3582
3583
3584
3585
3586
3587
3588
3589
3590
3591
3592
3593
3594
3595
3596
3597
3598
3599
3600
3601
3602
3603
3604
3605
3606
3607
3608
3609
3610
3611
3612
3613
3614
3615
3616
3617
3618
3619
3620
3621
3622
3623
3624
3625
3626
3627
3628
3629
3630
3631
3632
3633
3634
3635
3636
3637
3638
3639
3640
3641
3642
3643
3644
3645
3646
3647
3648
3649
3650
3651
3652
3653
3654
3655
3656
3657
3658
3659
3660
3661
3662
3663
3664
3665
3666
3667
3668
3669
3670
3671
3672
3673
3674
3675
3676
3677
3678
3679
3680
3681
3682
3683
3684
3685
3686
3687
3688
3689
3690
3691
3692
3693
3694
3695
3696
3697
3698
3699
3700
3701
3702
3703
3704
3705
3706
3707
3708
3709
3710
3711
3712
3713
3714
3715
3716
3717
3718
3719
3720
3721
3722
3723
3724
3725
3726
3727
3728
3729
3730
3731
3732
3733
3734
3735
3736
3737
3738
3739
3740
3741
3742
3743
3744
3745
3746
3747
3748
3749
3750
3751
3752
3753
3754
3755
3756
3757
3758
3759
3760
3761
3762
3763
3764
3765
3766
3767
3768
3769
3770
3771
3772
3773
3774
3775
3776
3777
3778
3779
3780
3781
3782
3783
3784
3785
3786
3787
3788
3789
3790
3791
3792
3793
3794
3795
3796
3797
3798
3799
3800
3801
3802
3803
3804
3805
3806
3807
3808
3809
3810
3811
3812
3813
3814
3815
3816
3817
3818
3819
3820
3821
3822
3823
3824
3825
3826
3827
3828
3829
3830
3831
3832
3833
3834
3835
3836
3837
3838
3839
3840
3841
3842
3843
3844
3845
3846
3847
3848
3849
3850
3851
3852
3853
3854
3855
3856
3857
3858
3859
3860
3861
3862
3863
3864
3865
3866
3867
3868
3869
3870
3871
3872
3873
3874
3875
3876
3877
3878
3879
3880
3881
3882
3883
3884
3885
3886
3887
3888
3889
3890
3891
3892
3893
3894
3895
3896
3897
3898
3899
3900
3901
3902
3903
3904
3905
3906
3907
3908
3909
3910
3911
3912
3913
3914
3915
3916
3917
3918
3919
3920
3921
3922
3923
3924
3925
3926
3927
3928
3929
3930
3931
3932
3933
3934
3935
3936
3937
3938
3939
3940
3941
3942
3943
3944
3945
3946
3947
3948
3949
3950
3951
3952
3953
3954
3955
3956
3957
3958
3959
3960
3961
3962
3963
3964
3965
3966
3967
3968
3969
3970
3971
3972
3973
3974
3975
3976
3977
3978
3979
3980
3981
3982
3983
3984
3985
3986
3987
3988
3989
3990
3991
3992
3993
3994
3995
3996
3997
3998
3999
4000
4001
4002
4003
4004
4005
4006
4007
4008
4009
4010
4011
4012
4013
4014
4015
4016
4017
4018
4019
4020
4021
4022
4023
4024
4025
4026
4027
4028
4029
4030
4031
4032
4033
4034
4035
4036
4037
4038
4039
4040
4041
4042
4043
4044
4045
4046
4047
4048
4049
4050
4051
4052
4053
4054
4055
4056
4057
4058
4059
4060
4061
4062
4063
4064
4065
4066
4067
4068
4069
4070
4071
4072
4073
4074
4075
4076
4077
4078
4079
4080
4081
4082
4083
4084
4085
4086
4087
4088
4089
4090
4091
4092
4093
4094
4095
4096
4097
4098
4099
4100
4101
4102
4103
4104
4105
4106
4107
4108
4109
4110
4111
4112
4113
4114
4115
4116
4117
4118
4119
4120
4121
4122
4123
4124
4125
4126
4127
4128
4129
4130
4131
4132
4133
4134
4135
4136
4137
4138
4139
4140
4141
4142
4143
4144
4145
4146
4147
4148
4149
4150
4151
4152
4153
4154
4155
4156
4157
4158
4159
4160
4161
4162
4163
4164
4165
4166
4167
4168
4169
4170
4171
4172
4173
4174
4175
4176
4177
4178
4179
4180
4181
4182
4183
4184
4185
4186
4187
4188
4189
4190
4191
4192
4193
4194
4195
4196
4197
4198
4199
4200
4201
4202
4203
4204
4205
4206
4207
4208
4209
4210
4211
4212
4213
4214
4215
4216
4217
4218
4219
4220
4221
4222
4223
4224
4225
4226
4227
4228
4229
4230
4231
4232
4233
4234
4235
4236
4237
4238
4239
4240
4241
4242
4243
4244
4245
4246
4247
4248
4249
4250
4251
4252
4253
4254
4255
4256
4257
4258
4259
4260
4261
4262
4263
4264
4265
4266
4267
4268
4269
4270
4271
4272
4273
4274
4275
4276
4277
4278
4279
4280
4281
4282
4283
4284
4285
4286
4287
4288
4289
4290
4291
4292
4293
4294
4295
4296
4297
4298
4299
4300
4301
4302
4303
4304
4305
4306
4307
4308
4309
4310
4311
4312
4313
4314
4315
4316
4317
4318
4319
4320
4321
4322
4323
4324
4325
4326
4327
4328
4329
4330
4331
4332
4333
4334
4335
4336
4337
4338
4339
4340
4341
4342
4343
4344
4345
4346
4347
4348
4349
4350
4351
4352
4353
4354
4355
4356
4357
4358
4359
4360
4361
4362
4363
4364
4365
4366
4367
4368
4369
4370
4371
4372
4373
4374
4375
4376
4377
4378
4379
4380
4381
4382
4383
4384
4385
4386
4387
4388
4389
4390
4391
4392
4393
4394
4395
4396
4397
4398
4399
4400
4401
4402
4403
4404
4405
4406
4407
4408
4409
4410
4411
4412
4413
4414
4415
4416
4417
4418
4419
4420
4421
4422
4423
4424
4425
4426
4427
4428
4429
4430
4431
4432
4433
4434
4435
4436
4437
4438
4439
4440
4441
4442
4443
4444
4445
4446
4447
4448
4449
4450
4451
4452
4453
4454
4455
4456
4457
4458
4459
4460
4461
4462
4463
4464
4465
4466
4467
4468
4469
4470
4471
4472
4473
4474
4475
4476
4477
4478
4479
4480
4481
4482
4483
4484
4485
4486
4487
4488
4489
4490
4491
4492
4493
4494
4495
4496
4497
4498
4499
4500
4501
4502
4503
4504
4505
4506
4507
4508
4509
4510
4511
4512
4513
4514
4515
4516
4517
4518
4519
4520
4521
4522
4523
4524
4525
4526
4527
4528
4529
4530
4531
4532
4533
4534
4535
4536
4537
4538
4539
4540
4541
4542
4543
4544
4545
4546
4547
4548
4549
4550
4551
4552
4553
4554
4555
4556
4557
4558
4559
4560
4561
4562
4563
4564
4565
4566
4567
4568
4569
4570
4571
4572
4573
4574
4575
4576
4577
4578
4579
4580
4581
4582
4583
4584
4585
4586
4587
4588
4589
4590
4591
4592
4593
4594
4595
4596
4597
4598
4599
4600
4601
4602
4603
4604
4605
4606
4607
4608
4609
4610
4611
4612
4613
4614
4615
4616
4617
4618
4619
4620
4621
4622
4623
4624
4625
4626
4627
4628
4629
4630
4631
4632
4633
4634
4635
4636
4637
4638
4639
4640
4641
4642
4643
4644
4645
4646
4647
4648
4649
4650
4651
4652
4653
4654
4655
4656
4657
4658
4659
4660
4661
4662
4663
4664
4665
4666
4667
4668
4669
4670
4671
4672
4673
4674
4675
4676
4677
4678
4679
4680
4681
4682
4683
4684
4685
4686
4687
4688
4689
4690
4691
4692
4693
4694
4695
4696
4697
4698
4699
4700
4701
4702
4703
4704
4705
4706
4707
4708
4709
4710
4711
4712
4713
4714
4715
4716
4717
4718
4719
4720
4721
4722
4723
4724
4725
4726
4727
4728
4729
4730
4731
4732
4733
4734
4735
4736
4737
4738
4739
4740
4741
4742
4743
4744
4745
4746
4747
4748
4749
4750
4751
4752
4753
4754
4755
4756
4757
4758
4759
4760
4761
4762
4763
4764
4765
4766
4767
4768
4769
4770
4771
4772
4773
4774
4775
4776
4777
4778
4779
4780
4781
4782
4783
4784
4785
4786
4787
4788
4789
4790
4791
4792
4793
4794
4795
4796
4797
4798
4799
4800
4801
4802
4803
4804
4805
4806
4807
4808
4809
4810
4811
4812
4813
4814
4815
4816
4817
4818
4819
4820
4821
4822
4823
4824
4825
4826
4827
4828
4829
4830
4831
4832
4833
4834
4835
4836
4837
4838
4839
4840
4841
4842
4843
4844
4845
4846
4847
4848
4849
4850
4851
4852
4853
4854
4855
4856
4857
4858
4859
4860
4861
4862
4863
4864
4865
4866
4867
4868
4869
4870
4871
4872
4873
4874
4875
4876
4877
4878
4879
4880
4881
4882
4883
4884
4885
4886
4887
4888
4889
4890
4891
4892
4893
4894
4895
4896
4897
4898
4899
4900
4901
4902
4903
4904
4905
4906
4907
4908
4909
4910
4911
4912
4913
4914
4915
4916
4917
4918
4919
4920
4921
4922
4923
4924
4925
4926
4927
4928
4929
4930
4931
4932
4933
4934
4935
4936
4937
4938
4939
4940
4941
4942
4943
4944
4945
4946
4947
4948
4949
4950
4951
4952
4953
4954
4955
4956
4957
4958
4959
4960
4961
4962
4963
4964
4965
4966
4967
4968
4969
4970
4971
4972
4973
4974
4975
4976
4977
4978
4979
4980
4981
4982
4983
4984
4985
4986
4987
4988
4989
4990
4991
4992
4993
4994
4995
4996
4997
4998
4999
5000
9056
7660
5795
8369
7610
8606
5646
5479
8177
6131
9622
9963
9678
6385
9758
7410
6891
5109
6041
8766
7907
8950
8734
8337
8741
5489
9712
6135
8244
8138
9173
9411
7101
6757
8028
5354
7697
7052
7900
9917
5399
7628
9802
5928
8800
7070
7386
6014
9816
6419
5944
8063
5210
8323
7759
9661
7986
7797
6428
9859
9742
9325
9364
5678
7065
5137
8091
6964
7545
5967
8252
5098
6219
8366
5227
9531
6314
8830
6565
5355
9858
9650
8653
9698
7724
7209
6390
6371
6511
8243
6203
9942
6236
7867
7945
9258
8866
8395
6181
6527
9797
5391
8058
9595
9921
9497
6739
5907
6280
7036
8288
5876
5716
5570
8533
5542
5706
6106
6343
5445
8525
7484
6946
7976
9986
9381
7573
7043
8515
6960
7696
5203
9644
5856
5493
7644
6064
5352
7196
9937
5847
9294
5246
7820
5555
8088
5384
9584
8196
9296
6190
6765
8869
6478
8300
7650
6948
6869
5291
9429
7267
6775
7588
7774
7280
9585
6507
5158
9212
9911
9174
7836
9191
5846
9434
9319
9823
8304
8706
7580
9054
7159
6756
5731
5042
5463
6991
9417
9275
6804
6312
7779
9167
5494
9087
7859
7010
8721
9072
6026
7727
5292
7131
9831
9604
6016
7707
7501
9715
9128
7040
5596
9466
5975
6421
7931
9487
5075
8483
7452
8526
5877
7629
9772
8554
6006
6547
9237
7998
5444
5546
8991
5639
9624
5930
5480
8933
5623
8637
6972
9907
9508
9475
7009
5970
7301
6721
6189
8116
6210
6923
8384
7920
6234
5723
8468
8649
7745
9172
7974
7581
5518
8286
7898
7716
9870
9840
6008
7549
7959
7520
6501
7598
8263
5628
6055
5632
8710
8114
5163
7753
6348
9904
9277
5808
9669
8439
8157
6035
5423
6460
6266
9913
8615
5998
8131
6445
8614
9498
6333
8628
5091
7763
5595
6350
6133
7544
9011
7415
8669
6080
7733
7224
6329
6711
8923
5564
9310
5127
9090
7882
8979
6057
9272
6520
5545
9951
7349
7119
7850
6380
5369
7375
7558
5854
5980
9111
5287
6084
5984
7615
9633
7679
7047
8009
6824
6149
5873
5969
6049
9869
5213
6830
6097
6130
5420
5347
5613
8538
8893
6332
5232
6790
9592
9994
7989
6925
6098
9522
7434
7682
6479
8702
8570
8175
7822
7981
8750
6684
9094
7303
8982
8431
8643
9049
6930
9748
8753
6407
9176
5549
7153
5895
5922
9015
7206
7690
5689
9649
6225
5094
9006
8924
5185
5792
6405
8420
6454
5691
9125
9065
7342
9055
9339
5732
5364
7566
8700
6193
9062
6448
10000
7458
9281
9139
9871
6618
5414
7546
9362
7990
5756
7319
8537
7049
9070
5090
7746
5629
9170
7593
9330
5294
7197
9751
9194
9924
8797
5142
5990
8222
8001
6959
8071
6628
7165
9504
9178
8530
8129
7304
9242
5370
9100
8498
9988
8107
8318
9700
9179
6347
8601
9421
6199
8042
5994
9929
9677
8081
5002
8110
8542
8660
7007
9383
7842
9403
5440
6750
5092
5254
5253
6940
6561
8824
9889
7079
5918
9801
8823
7453
8320
8848
6218
8856
7618
9866
8054
9828
7274
7024
8146
6894
6516
7927
8472
7765
7717
5748
9643
8635
7576
5331
5607
6188
9390
6463
6178
5401
8484
8158
5819
6587
5651
6263
9114
8747
7481
6958
8025
9483
5044
5083
9256
6431
7454
9659
6989
9791
8616
7226
8925
6728
7141
6155
6983
7123
6813
8055
5886
7784
9217
6293
8186
9327
6596
7762
9965
9978
7605
9855
9668
9117
9976
6453
6973
8350
5949
5961
7530
7461
5271
9968
6749
7559
6682
7306
9773
7268
6222
6069
5389
8620
8699
5470
9957
6427
5488
8864
7553
5171
5721
5222
9948
7645
6531
9981
8725
6283
6860
8073
8793
7631
6320
6584
5787
6397
8578
5289
7228
9834
9433
6981
9809
6985
9171
9732
7230
5840
7599
6294
8113
7967
8306
8883
8563
9880
7193
9599
7728
7238
8694
5524
8966
7887
9895
8002
9588
5451
5189
9982
9133
6242
8165
9538
9238
5950
8172
5780
8938
7086
7561
7457
5976
8344
5338
6354
6536
6655
5936
7776
9683
6785
9473
9164
7090
8210
8469
7587
9780
7028
7953
5050
8709
8080
6892
9236
6323
5598
9786
7107
5571
8973
8665
8401
7980
7108
8380
8449
9195
9587
7404
6608
9676
6091
8971
7157
8019
9341
8774
8751
6404
6389
7174
6368
6465
5793
9060
6546
6652
8248
8092
5337
6032
9481
6079
7513
6938
8295
8501
8540
8502
5491
8680
5476
8368
9169
7147
8931
6060
6748
9478
9898
7111
9306
7691
8981
6339
5251
8723
6621
7154
7169
6147
8423
7764
5866
5672
8784
8772
7026
5696
9462
6508
7435
6483
8666
8190
6613
8290
8099
7969
8672
9336
9810
9085
8231
5621
5600
9632
8820
6832
5939
7225
5526
6771
6907
8957
7495
9533
9883
9565
5640
8532
9220
9762
5424
5179
6161
9696
7665
7511
7016
7590
5654
8623
8264
6975
9388
7903
7237
7905
6731
9261
8180
8362
7572
9956
8023
9920
9568
9625
5378
6291
9207
5569
5683
9225
6100
8875
6268
7027
5144
5145
9158
5832
9868
8581
5587
7962
7655
7936
6107
7960
5339
7058
9059
8083
8133
9437
8770
8193
8329
8953
8892
8589
7232
9725
7938
7021
9368
5437
8790
9271
9577
8123
5267
7862
7940
9046
8964
7652
6088
6009
7550
5017
9432
6680
7151
6128
7269
5913
7207
6521
6309
8228
6889
5221
6295
9134
9727
5280
7913
7185
6440
7019
7236
5642
7257
6173
6361
6500
6011
6605
7538
9095
9760
5986
7950
8647
5478
8855
6134
7813
6702
9603
8048
5301
7083
8720
6851
7085
6346
7256
6977
9289
7398
8901
5695
8661
9944
8282
9227
5409
8020
6967
6641
7721
9354
6252
8195
5297
9365
7038
5947
9671
8654
9768
5360
6662
5492
7996
5184
9081
5958
7378
9776
7868
7772
8275
5260
9205
7297
6185
5115
9614
9198
8663
9971
7723
9609
9427
6576
6143
8714
7173
5580
7866
6810
9105
7758
5194
8890
5801
8259
8918
8916
8405
6896
7053
5999
9517
7787
7972
7401
9071
9402
9578
5276
7229
9201
7201
6640
5026
5711
7799
5935
5537
7428
8418
5896
6542
9900
6580
7854
9118
9590
5059
9499
6755
5547
6941
6776
8440
6224
9753
5868
8358
9153
7760
6675
7250
8998
9849
7314
7204
5239
5992
6228
5762
5067
5670
7440
5591
8200
9315
5506
5032
7294
6556
9135
5041
9775
9037
8513
6112
7926
7056
6589
5188
8327
6725
5320
9502
8024
5557
7299
5245
8569
6882
7239
7531
5290
7166
6441
9658
9906
9941
6159
6513
9121
8065
7788
7067
8433
8705
5890
9770
8902
9154
7064
5538
9979
5111
5951
9464
5685
7575
6859
7808
9180
5848
6963
9934
9789
7831
9012
8959
8340
8153
6877
7149
6512
7128
5750
9211
7777
6929
8458
7075
7627
5661
8198
8994
9187
6093
5730
6477
9755
5817
5084
7291
9251
8120
5565
5668
8909
9507
8219
5508
7885
7013
6272
9372
8381
9878
9033
9078
7979
8389
8605
9973
6820
8704
6636
6352
7187
6876
9598
5231
5657
8016
8626
5336
6126
9250
7909
8977
9412
7467
5981
6881
6714
6099
8355
7861
8718
5620
7491
7305
9967
9938
5348
9718
6826
7663
5548
8873
6525
5403
7819
9239
5601
5387
8518
9852
6087
6416
8488
5196
9040
9819
8277
5625
9477
5759
6073
6568
8604
9571
8333
7029
6791
5663
9966
5835
8963
5766
9952
7184
7344
9933
5681
6617
5610
9735
9406
5033
5406
6767
9192
9608
6154
6943
8948
7843
8370
9918
9707
8336
6110
6706
5997
8342
7736
9646
7939
9555
8090
8477
6344
6171
7671
5666
7402
6523
9467
9985
7406
8521
8444
9332
6591
5946
9556
9089
8945
7289
5635
9044
6849
8619
8208
8717
6626
8111
6814
8291
9342
6816
5843
5891
9629
5690
6685
7054
5725
6579
8832
8671
6887
7216
6638
6216
8722
7390
9017
6966
8967
9713
5863
5302
6992
9532
9061
7414
6013
7616
7698
7923
6740
6622
5261
6782
9958
8280
7833
9088
7757
9493
9541
6658
8746
8559
9371
9681
6264
9874
9293
9183
6002
6053
6248
5784
6553
6284
6322
8225
5644
5851
8437
7668
7829
5641
9591
5618
8352
5677
5013
5995
6594
8638
8239
6982
8077
6418
8494
8471
5735
8664
5781
5449
7562
7332
8587
9631
6010
5712
7120
9785
5422
9413
8756
5309
7335
5312
7705
6510
5016
9990
9285
8827
5159
7423
6256
8316
7876
7604
9710
8278
5516
5556
5030
8757
5200
8961
5894
9908
8130
7295
7958
9703
7158
6392
5887
7686
9248
7602
9283
5375
8434
5129
9146
9157
8956
8862
7512
7466
5436
5561
5217
6367
6856
5230
6310
5214
5080
9152
8743
5824
8887
5204
5392
7786
7322
5474
6854
7892
8443
8512
5916
9396
8281
7556
9845
8372
8207
9184
8155
7732
8564
6443
7416
8655
9822
7755
5351
6164
5341
9425
8221
6182
9526
6433
5495
8640
5123
5869
8189
8860
6900
7708
7160
5942
5708
5826
7405
8594
9151
7004
9919
5559
9803
6524
7340
5901
6970
5822
6931
7643
9666
8319
8975
8371
7814
7851
8949
8312
9476
9206
9564
9010
5925
5701
5594
6017
5484
6732
8785
5662
5841
9079
7789
9048
7503
9562
6307
6296
6691
5166
6321
7198
9694
6786
6195
7220
7641
9138
8727
8183
7489
7889
8787
9435
6139
6841
5699
9617
8805
5996
6674
7932
8383
9520
6630
9136
6462
8740
7429
9996
5457
7247
8403
6745
5252
5288
5885
8074
5256
6249
8825
7884
8491
9757
5342
6205
9653
9053
7328
5665
6237
8035
7564
5218
6387
7574
8828
7961
5043
5940
8645
6031
7088
6358
6664
9129
7657
7170
8127
8715
6020
7218
5862
7677
5079
6962
6888
9068
6360
7729
6649
9029
9902
5510
7124
7611
5933
5993
7126
6269
6063
6713
7514
6988
7310
6668
7180
9513
5765
5906
5789
8179
7265
9827
6172
6253
6897
9888
8674
5728
8562
6599
5870
6558
5304
5173
9394
6499
7910
6921
5943
6632
7800
6660
9837
9066
9553
5088
6563
5236
5722
7210
8988
7509
6886
5427
9779
9989
6707
5798
6488
9680
8549
6245
7091
9382
7394
6951
7768
9363
7508
5953
9853
6184
5151
6914
5568
6712
6394
5578
5973
5540
7739
7215
9864
7782
8572
5330
7689
6083
5528
8330
5573
8251
5805
7914
7543
8425
6281
9460
7081
6111
9995
8033
7700
5329
8801
8742
6470
8534
9734
6895
7392
6588
8224
8006
9489
7008
6955
8399
5921
6744
6647
8711
6408
9815
8453
7190
6823
8328
8216
5201
9673
7496
9708
6838
5010
7347
9684
5611
8854
8096
5293
8493
5074
6969
7348
6627
9025
5615
5751
5215
9312
7586
5879
6710
5504
8486
9436
8037
6737
9175
9086
9047
5688
6987
7462
8585
9409
9019
9147
7311
5720
8156
9790
5653
5858
7354
5126
5552
9545
9189
8204
7678
5739
8767
7105
7241
6610
5365
7240
9528
5064
9723
5914
8826
7333
8944
8675
7478
7205
8167
9386
7102
5530
8889
5502
6180
6719
6879
6906
7642
7095
9821
6277
7132
7037
9224
6915
5679
5357
8609
5007
6821
9418
6944
6543
9885
9120
6839
5727
6898
7880
5358
9969
7117
9818
5048
9308
8809
7121
6229
9092
7163
6754
5539
8481
8398
8752
5272
7947
9615
6486
5099
5374
8861
7684
8497
5393
5608
6861
5459
8999
6125
6123
5157
7918
8046
9705
7412
8986
9243
7356
8416
6535
8544
7597
5604
7551
6444
7281
6949
8392
6192
9923
7203
6250
8969
8187
6893
5634
8064
8192
5747
8508
5054
5749
6592
8404
8209
9069
8972
8094
6201
6912
8412
8105
5324
5207
6868
6198
7743
5234
5753
9750
7270
9141
6993
5398
5486
8128
7179
6549
6541
7400
5468
5904
6468
6458
5838
5140
5426
6286
5262
8608
8149
8859
5909
5521
9729
9347
6696
8241
8880
7547
7383
9833
7316
5497
7033
5275
9494
6090
9602
6391
6364
9235
6217
6530
5381
8363
8430
8978
6831
9848
6476
6466
9463
6328
9000
7219
5955
8027
6560
7069
5893
5228
7592
6759
8818
9156
8974
9928
8360
9288
7740
8305
6383
9099
9377
6936
9440
8246
9016
7756
9126
5741
5250
7701
8387
5367
5465
7186
7750
6393
8056
6048
6177
6952
7875
8223
8927
9286
6544
6918
5315
5011
9082
6631
8960
9102
7346
8771
6186
7983
7667
5849
5473
9563
8799
5187
7832
5238
7264
9689
8273
5574
8292
6870
8322
6801
7061
8729
7888
6917
6353
5085
6996
8271
9505
5206
5308
8764
5929
7565
6582
5385
8257
9163
5544
8406
7488
9132
7662
6919
9356
6978
8272
8847
7517
7164
8519
5477
7577
9313
5199
5888
7957
7730
5149
5282
9695
8997
8796
5627
7769
9736
7752
7849
7485
8602
8100
7669
9645
7426
7943
6077
6004
5116
6429
8062
7470
9939
5773
8738
9954
6121
8499
9229
8707
7273
9830
6812
9101
5295
5005
8781
7937
8803
7246
6382
9026
9452
8139
8424
5382
5726
6693
6723
6606
5138
8863
6313
9391
6615
5932
9862
7535
6913
6653
6828
9002
5446
7846
7113
8161
8555
8566
7191
7541
7338
5673
6025
8162
6399
9796
8159
8853
5585
7044
8313
5147
8993
8524
5682
8140
9709
8079
9324
6817
7591
6481
5190
5531
8229
7313
8840
8612
9123
5359
8659
5959
7783
9145
8947
5208
8356
6211
5097
8920
6423
8287
7792
5167
9210
7928
6727
7971
6515
5062
6552
7365
7417
5471
9116
8870
9268
7747
7459
5078
9346
9387
9891
6920
8269
5501
8142
7359
6779
6730
5247
9998
8811
6365
7539
5957
9716
8695
5106
5898
8592
9679
8334
7578
9041
5095
5717
6805
7444
8012
7200
6597
7116
8561
9032
6078
8148
6456
9449
8311
6808
5788
9223
9416
9491
9863
9865
8361
5069
6124
9022
8650
5485
6768
7343
8310
5400
7702
5195
8898
6409
8293
7358
9457
6451
5767
8667
9512
7901
7376
6503
6214
9731
9162
9509
8176
7639
8118
7144
9699
5743
7791
5952
5405
6884
8528
9014
6953
5396
7899
9610
5534
6620
9641
8119
7464
9807
7816
6207
9525
6865
6317
9720
5135
6243
5529
5008
7168
8657
8536
5225
7824
8745
9634
6356
6559
7272
7370
6370
9410
7266
7062
6398
5737
5133
7607
5328
9395
7189
7533
6146
6070
8748
5624
8053
5130
7112
9639
7254
9761
7766
9093
7445
9575
5978
9656
5112
6297
8059
9652
9777
6340
8084
7060
7534
6980
5884
9471
5045
7245
6681
8076
9084
9621
8914
9804
6137
7924
7379
8791
7360
6683
8631
5811
8152
9278
6997
9910
5056
7195
9887
9875
5827
8044
9021
5035
9280
9309
6836
9892
6432
5307
7626
5020
8218
9333
6379
5915
8427
6595
9523
9756
8817
5852
6911
5081
6880
6518
7995
6435
9373
8032
8078
8698
5842
7504
8885
9165
5318
7110
8171
5764
8676
6733
6327
8087
7258
7431
8473
9795
7077
8086
5523
5326
7688
9974
9980
9415
9916
9993
8929
5588
8881
8353
9091
7500
5875
5469
8990
8117
6292
7298
6061
6308
7570
5411
7648
6018
5450
5285
8846
5517
9717
9305
8850
9469
5377
5093
5704
6574
9492
5283
7527
9456
5675
9664
8478
7879
9749
5108
7221
9140
5131
5965
6101
7754
9764
7621
8622
7997
8134
6302
6819
6037
6705
9426
7447
6945
5499
9209
9739
6220
8903
5919
9955
6019
8421
8030
5464
8724
8173
8489
5192
7345
5164
5828
5036
8806
7279
5645
9896
9813
9912
6068
5373
7568
6646
5733
7666
6942
8759
6716
6074
9778
6928
6089
6807
6572
6802
7463
5270
6403
5614
6742
9829
5941
6848
7934
7380
9204
6532
8983
7092
6857
5077
9266
8396
7595
9543
7860
9468
9704
9682
5340
5419
9317
7446
7499
8309
9274
8454
5037
9074
9530
7367
7871
5412
6766
6039
6875
9430
6288
5072
9380
5971
6858
5972
6251
5586
9997
6044
8050
7284
9733
7664
7097
6036
9975
7897
9270
7704
9743
9282
7773
8668
9304
5350
8151
6337
8413
8199
6163
6208
6517
9799
6593
9181
7847
7330
8460
7103
6319
8445
5306
9685
5428
9542
6235
7734
9688
7277
6528
8633
5183
8315
5563
7528
9337
7742
6120
7582
8102
9113
8496
6616
6659
5630
8758
9798
8683
7455
6475
6573
8485
5258
5073
7949
7718
8101
8754
9351
8610
5388
8256
6694
7493
9208
5684
8301
8954
9358
7683
9392
9697
8168
9930
5113
7309
9454
6639
5512
5265
6506
5421
5408
9547
7308
9606
7285
7448
5407
7805
8773
7336
7858
8476
8436
8061
6701
5724
7857
8571
6212
9232
8942
6735
9318
7080
7498
6700
5979
9422
5334
5667
6113
5118
6539
9161
8794
5015
7619
5589
9800
6424
6924
8509
7722
6396
6729
9647
9031
6678
7713
8685
7259
7522
7834
7302
6038
5128
8206
7018
7066
9947
6191
6666
8591
5071
8928
6406
7818
5658
5562
9107
5117
8017
7878
7695
7002
7353
8429
6883
6514
8459
8580
9401
6718
7919
7286
9073
7307
5525
5597
6411
8852
8935
8775
6498
7371
9886
5259
6414
6703
9628
7202
9630
7300
9581
9535
8574
9839
7017
8106
7384
8543
9005
6275
8733
9884
9424
7828
8236
6811
6345
9903
7579
5025
9765
8115
5180
9234
8607
5790
9441
7357
6028
5779
9064
6842
7143
5511
7211
7068
9486
8779
5162
7793
6590
9784
8962
7524
7984
9226
8884
8984
9511
8422
9977
9203
9119
9925
5649
5447
9420
5452
9028
9428
6957
8326
8648
6956
8015
8732
8093
5361
6557
5110
7956
5883
8294
6255
8768
8474
5900
7622
8125
5181
9636
9348
7432
8441
9255
6116
6430
6054
5198
6033
7178
8095
6612
8021
8296
5616
7096
9112
7145
6169
6067
5316
5321
9104
6138
5837
7978
7637
7855
7361
7031
7282
7672
8822
8283
6566
5153
6066
9692
7775
6569
5676
5656
7372
5514
9548
8760
9480
5425
5487
7329
5169
8448
8170
8335
7632
7212
7719
7389
7507
9379
9579
8072
9166
7726
5760
7355
5368
5584
7243
8807
7130
9439
7005
7242
7388
5807
6300
6644
6474
7249
5718
9109
9445
7413
7142
7339
7659
5892
9202
5434
5742
9546
7917
8174
7094
9931
9124
9620
8029
6341
5467
5345
5224
7856
6260
6395
8075
5458
8624
6092
8600
9754
5833
8996
8226
7385
7922
9501
8428
7817
5771
7323
8482
6720
5001
8955
5154
6974
8386
6708
5441
5532
8178
7751
7227
9638
7214
5193
6426
5652
6330
6105
8691
7709
7034
6247
9687
7930
7497
8865
6614
8576
7176
5536
9193
9970
6619
8297
9824
8261
5770
7994
5920
9199
5049
7521
5346
8232
6325
8014
7073
6410
7874
5429
5087
7071
7479
8270
6935
6697
8582
5745
7811
6366
6863
5988
5785
7183
9747
6152
9949
6436
7137
8690
7807
8124
6874
9654
7965
8147
7399
5535
6450
6554
7825
6162
5268
9127
9626
5170
9701
8164
5394
9983
5273
9200
8284
9262
8505
9945
7821
7584
9674
7397
7441
7106
8755
7798
6788
6741
8693
7916
5777
6412
6422
5070
5058
8679
5744
9397
8345
8321
5107
8943
6522
7896
7810
9370
6075
8141
5216
7964
5912
9045
5680
6359
8737
9788
7136
7609
7675
9240
9328
7935
5619
5729
6034
9103
6473
7993
6335
5402
7830
6648
9404
6487
8617
5298
5593
5755
9495
5818
7262
7505
6533
8783
5136
5235
5024
8639
6534
8303
8588
7826
9465
9586
9662
5277
6472
8317
5553
6082
6772
6686
8069
8351
8937
8730
6301
6388
8575
9485
5560
7636
7674
8169
8382
6699
7589
5902
7411
7863
7469
9567
9023
7078
9987
9352
9846
5626
9303
6822
9519
6378
6562
9369
6746
8506
5333
5923
8097
7035
7393
9273
6027
8052
5052
8815
8939
9367
9740
7991
5061
5503
8407
9894
9510
5460
5134
5143
5713
5964
6698
8673
9482
8034
9137
6372
9020
7175
9447
8132
6209
7770
8584
9443
8267
5636
8670
5962
8253
8126
6318
7011
6603
9583
9405
5752
8837
6415
6770
5831
6850
6279
7806
5738
7908
6179
6493
9197
6567
5410
6781
7895
8795
6624
5558
9640
7548
5376
5496
6244
9063
5583
5046
6835
9190
5096
7804
7554
8642
5878
7089
5219
9573
8060
6629
8696
7634
5799
7653
8400
9024
7890
8242
8577
9230
9291
7540
9569
5850
9442
8719
7518
8879
9741
7325
8188
8599
5803
8343
6176
5800
9030
8857
5442
6376
5908
7161
8495
5669
7748
7982
8652
8689
7656
7162
5746
8995
8878
7025
6153
7382
8250
5602
9043
8109
5603
5124
5889
7171
8802
8736
6704
8886
6081
7135
7172
6932
9246
7525
6862
5541
6904
9724
5172
6230
9550
5882
9524
8013
6724
5322
5371
7537
8688
5617
7490
9570
7391
8104
6062
7395
6489
7951
9039
5694
7988
6086
5643
8596
9213
9414
9605
9927
9228
6937
8808
5241
6796
7706
6274
9360
6363
7320
6299
5581
8908
6096
5047
5178
6834
6583
7039
8895
8735
9890
7364
8203
9357
6609
6357
8011
9657
5509
5415
6023
6878
7649
8907
8838
7233
9793
5101
6778
6324
8490
7248
9196
7443
6890
7012
7823
8185
9050
9384
8841
9290
7801
5778
9344
7968
8726
5881
9314
9349
7312
9642
8641
5966
9872
5014
9098
8374
5823
6571
9329
5168
8662
7087
8917
5703
5263
8299
8888
6637
6846
7942
8385
8568
5989
6927
6847
6349
8713
9155
8435
5830
7261
5122
7032
8462
5303
7710
9672
5740
8507
7952
9540
6342
9566
5599
5165
5176
6717
7433
7317
5515
6150
8897
5006
9407
9781
8625
9922
9722
9861
5968
7263
7870
9549
9529
9759
7368
7853
6792
5264
7156
6104
8122
6420
5029
7835
7439
5709
9350
8166
9343
9693
8804
6238
8936
6166
7437
8348
5991
9648
8276
8531
6774
7617
6204
5687
9655
7138
8005
8145
5249
5040
6046
8551
8039
9593
8349
5655
8376
5825
6950
5456
7767
9714
6232
8455
9767
6373
6762
5983
6866
9769
5874
8194
9882
5647
9675
8514
7802
5774
6979
9899
7536
8160
8220
9926
5806
7251
6276
8697
5974
9594
5498
7122
9393
8212
7042
9263
6117
7735
9744
7181
7150
9186
8492
9554
8182
5934
8980
5212
8556
9453
7839
7873
7167
8461
9264
9873
5229
7985
8877
9311
6976
6497
8103
5692
9992
8598
8899
8007
8378
7486
7966
7050
6763
6058
8618
7148
5533
7213
6715
7881
6452
8896
7134
6598
7460
7244
8621
7352
6439
6901
6984
8603
8821
9496
9375
8307
8965
7139
5671
6872
6645
8844
8049
6799
5769
5435
6442
8359
5956
6119
8843
6215
5366
8782
5063
8003
9003
8541
9946
7519
6954
9521
9267
5413
7293
9607
9241
7532
5650
9149
9637
6825
9835
8234
9506
9576
5325
8338
5948
6709
6643
6933
7794
6118
9557
8728
8553
8968
6873
6947
7883
7840
7516
5660
8629
9374
9159
7555
7425
8548
7510
5104
7114
6175
9067
9752
9518
5622
5372
5880
5864
8535
8202
5438
8845
7603
5114
8143
9188
9808
7712
9233
7646
7886
5855
6315
5782
9559
9335
7614
9503
8137
6864
5311
9331
7369
5448
8230
7099
9893
6657
7331
7844
8409
9877
9398
7941
7341
6455
5859
8410
9711
5299
7296
8904
6971
7327
5257
5286
7606
9766
9470
7902
9514
9805
5839
5313
6265
9580
8934
6611
7933
6526
5466
7271
9279
5605
7482
5714
6425
6665
8812
8214
6351
9247
8108
6197
9905
7711
9611
5332
7506
5150
5903
9984
5804
8686
5039
7003
7182
8839
7442
6667
7059
9221
9838
8557
5191
7864
9389
8658
9345
5917
8985
5472
5269
7208
9009
8098
5960
9737
9254
6030
8761
9474
6815
8008
6853
8238
8237
9618
5475
6223
6267
8289
5582
7569
6355
5633
7255
5003
7023
5211
5279
6417
8595
6809
9616
7015
8906
8298
9806
6233
7915
8265
6550
5522
6722
5963
5139
5982
6140
6829
8022
5119
6165
9142
7231
9438
8456
7430
5433
9334
9623
8692
7076
5242
8254
9500
7771
6065
5175
5380
6537
7571
8332
6022
9148
6072
9660
6692
7290
9018
7692
5590
9326
9222
7373
5416
7109
8992
8926
8390
8181
5327
8716
5274
9097
8851
7473
9004
9876
9323
8651
8780
9080
6491
7188
8057
7041
6254
7694
8632
5343
7670
7125
8646
8876
9936
5237
9431
5776
7673
7217
5924
6502
5390
9935
8678
6575
8951
6777
9721
8341
9108
5697
8819
6961
6577
7658
6144
9792
7869
7318
9321
6305
9811
8681
9451
7055
7072
5757
5248
7424
8089
7738
6122
7492
7906
7315
8308
5148
8043
8463
7260
7115
7841
8552
5186
6840
9042
5314
8447
7999
5836
7502
7954
7022
8567
7420
5802
7104
7427
5243
9115
7725
6783
8922
8731
8579
6758
8708
6650
8475
8367
5004
5931
8762
8465
6461
5461
6780
6471
8045
6751
8314
9953
6570
5417
7129
7624
7687
5121
6994
8905
6136
7601
7152
5197
5483
8426
7623
5317
8891
9964
7647
7275
5182
9307
9746
9252
8135
6480
5899
7234
5507
8457
5082
9582
8393
9612
7476
9057
7387
9215
5057
6852
6885
8656
6672
9244
5754
5223
5631
8940
9150
8547
8867
5775
6797
8849
5152
7815
8357
9702
9814
5209
8154
8831
9897
5349
6132
9298
7563
9826
6050
6833
5519
8136
7366
5076
8871
6040
7046
9340
7963
5386
5404
7676
7057
6290
7477
6071
9774
5554
6551
9231
6726
7487
9561
5513
9991
8769
6059
5023
7235
6438
5305
5066
9385
9013
9879
5125
8411
7450
6939
6129
7456
7100
7795
8836
9249
8442
6734
8763
6052
9600
6400
9516
5323
6747
9961
7337
8776
8911
9999
9836
6769
9302
7803
6656
7194
7699
6362
7741
7223
9730
5102
5160
8701
7155
8813
6986
6581
6845
6377
5867
9842
9706
5905
7904
5055
7475
7977
7020
6258
8467
5500
8112
9399
5220
8816
9686
5791
5319
5707
5592
6257
5027
5155
5453
7781
9932
6687
8910
6855
8970
8919
9376
9832
8842
6529
6303
6183
9130
5395
7633
5815
7872
8636
8613
5520
5911
9160
8000
7685
8712
9214
9259
6671
8900
6374
5648
9122
7987
9667
7560
6903
8946
6338
6158
9841
6246
5068
8913
9663
7557
6336
9589
9940
5763
8687
8391
5120
6401
8070
7731
8414
7118
8777
6623
9515
5786
8379
9448
5945
5572
7523
5758
6285
9034
7127
5844
6167
8487
6789
7921
6760
9484
7567
5567
9450
6496
8874
6545
9960
6007
6909
7326
6564
7252
6555
8912
8235
9007
6194
9320
9825
6095
7494
9560
8419
5715
5019
9843
5310
5550
6005
7845
7350
7014
5609
9534
6015
7542
6495
6042
8274
6654
9143
7812
9856
8798
8197
6736
5012
7374
6764
9096
8258
6871
6905
6999
5431
7030
8545
7970
5060
6024
8085
7780
5810
8952
6669
5018
8786
9299
9619
9219
8677
8394
6867
8989
5659
6457
7911
5021
5177
9297
7529
7222
5205
8215
5577
6240
5418
5335
9106
6607
7063
9719
7408
9479
6187
6634
8010
5031
9284
7714
9260
9265
7418
6482
9253
9820
6446
5202
8527
9738
8511
9301
7651
8788
7421
8302
5490
9901
6306
9295
5141
6145
9847
7630
5362
6334
8245
9488
8324
8121
9572
9316
5637
9670
6793
5814
8205
7596
6094
8627
9185
6437
8466
8249
7419
6384
8684
8517
9355
8262
8546
8558
8560
9359
7946
6157
6990
6331
6585
8976
8611
6795
6806
6226
9038
8247
7403
8749
9027
6434
6663
9537
9745
6012
5579
9458
8834
8268
6968
9077
6000
6679
7006
7877
8260
6261
5038
6200
8868
5266
9881
6538
5927
9635
7363
9915
9423
8408
6109
7140
7407
7278
7893
8163
6467
9058
7620
5857
8480
9245
9446
9771
9950
8217
9182
9490
5089
9353
5937
6934
6492
8364
7785
5796
6844
6326
5430
5783
5638
6271
6601
7625
6156
5022
5383
9914
6141
5897
6447
7468
6102
8047
8464
6449
8438
8432
9763
6316
5710
8040
8373
6676
9168
8375
7199
9300
7865
7715
5576
6677
6916
8872
8266
6798
9052
6003
6202
7613
9459
9455
5439
6085
6902
9035
9338
9287
9461
7680
5034
6239
6103
6494
9844
7334
9574
5278
6800
7436
8941
5009
8573
5100
6738
5820
9909
8583
7377
9036
6381
8932
7471
7283
8565
5156
7720
8539
7796
7287
6196
9551
5281
9218
7838
5768
6625
6578
6056
6635
7837
6282
5664
9552
6761
6908
7594
5860
6661
9601
6151
7661
9690
7321
9651
7422
5845
8470
6231
8191
8184
8213
7894
8233
6213
7790
6174
6505
7955
9962
9691
6386
9144
5482
7654
6899
6047
6413
6689
7098
6548
8041
9972
8067
6001
6837
9527
6995
7992
5226
5821
8739
7253
8452
5812
8450
8590
8415
7681
6485
6469
6633
5575
8051
7177
5834
8520
6170
9812
5454
9787
8882
6108
6160
8644
6273
7638
9408
8354
6818
8504
9728
5794
8285
8479
7827
6206
8858
5086
7001
8703
7396
7612
7693
9613
7276
5065
6459
5853
8397
8201
9075
6490
6259
8744
5105
9665
5809
6464
7438
6602
7192
5871
5693
9959
7944
5987
7600
9177
5363
8279
6304
5505
5736
9817
5686
8915
5356
5606
9782
8593
5344
8778
6604
9726
7082
8792
8921
5233
8446
5566
6540
8240
7048
9854
6402
7975
5146
9269
7761
5829
6278
5300
9536
7778
8347
6115
5543
9444
6076
9867
9539
7608
8325
7351
8026
6168
7640
9361
6270
9419
6262
8810
5161
6504
7925
6021
5985
5284
6827
6695
8789
5551
6600
6369
6227
5397
8255
8031
7362
6289
7051
5674
5443
8388
6484
5244
7045
9794
7552
7744
6690
7891
6965
5432
6241
5772
6642
5813
6670
5705
6586
7585
7074
7472
8550
8417
8402
7474
9860
6910
5865
5910
7449
9131
7848
6753
7093
7852
6509
9472
5296
6043
7515
6287
8510
9276
7526
8682
8227
8529
6311
8833
8038
8082
7480
5379
9544
9597
8036
6752
5977
7084
5938
8451
6051
6651
9627
9257
8829
5797
7465
8365
8597
8211
7635
9322
5702
9378
5455
9051
7292
5053
5872
7749
9857
8503
5240
7133
6298
9366
7288
5028
7912
8018
9596
7948
9851
8500
5103
6114
6794
9076
7483
5527
8894
8068
9783
7737
5051
7973
8144
7146
7929
6743
6375
8339
5255
8630
5761
9400
9110
5353
6922
6519
8814
9850
9943
6784
5734
9008
9292
5719
5698
6142
8586
9216
6787
6221
6843
5462
6688
8987
6148
6998
8377
8346
7583
5926
6045
6029
9558
5861
7324
8958
5954
5132
7000
7809
6127
5700
6773
9001
7451
7381
9083
6926
8634
8765
7703
6803
5612
5481
6673
8930
8004
7409
8066
8522
8835
8516
8523
5816
8331
5174
8150
