2202
9326
1034
4180
1932
8118
7365
7738
6220
3440
1538
7994
465
6387
7091
9953
35
7298
4364
3749
9686
1675
5201
502
366
417
8871
151
6246
3549
6916
476
8645
3633
7175
8124
9059
3819
5664
3783
3585
7531
4748
353
6819
9117
1639
3046
4857
1981
5451
8206
6916
8319
3111
4971
4656
9627
8182
8279
6445
9651
566
7869
3978
6624
6789
2835
6015
8992
6140
1417
7192
8331
1769
2683
8536
6444
6071
8024
485
7690
713
5055
9719
9473
6449
2792
2763
8229
3719
202
3269
8842
8984
3804
6627
8418
5634
9467
5789
7523
4412
8979
9977
94
6287
8397
2118
8499
9198
3367
6982
920
7883
5976
9339
9084
3275
8270
6774
7946
5846
6790
5671
26
8823
8850
5426
7507
9829
459
3762
2904
9024
9576
2962
1501
9029
4183
532
1155
1364
274
7422
239
4608
4089
4402
1794
3025
5644
4757
1139
2744
2616
4182
8641
2755
4472
4825
7450
5276
8135
7763
1871
388
5112
6334
5626
6897
3081
4234
1782
4153
8358
3426
9923
7073
342
3693
293
6510
2400
579
2626
7302
8296
6991
8925
3615
8464
7387
3657
8584
503
6471
9435
5264
6985
964
4893
2060
3476
778
5020
1159
1253
5085
4881
2593
6819
9256
4135
2137
139
9187
622
9677
3566
9344
7551
2811
8338
614
6193
3284
5685
1623
3372
9395
7094
9690
3181
8067
1711
6391
4851
8260
8189
282
5331
6592
4610
297
2572
3291
5370
9230
2215
5556
7033
3491
4367
1580
6214
8973
5634
8755
7939
8725
3845
1071
662
1388
2180
2781
2729
8819
3490
4392
5444
9834
8289
4183
6032
5552
5576
1867
4772
3854
9896
8009
2218
9503
9031
1709
5255
642
6662
1200
6230
2414
2049
5586
1880
9625
6194
1256
9352
9016
3666
9273
1340
4371
5979
4843
9248
8754
1873
7501
4542
1766
750
4846
203
239
1503
6776
1886
656
3079
3927
9615
6898
2655
1894
7388
2743
3956
2605
1685
7129
6198
8896
4818
9015
4152
7816
5153
1641
3402
5201
650
447
173
4843
9775
5247
7371
6411
5133
6530
1032
1052
5200
9855
7469
1825
4098
3526
8896
7683
5830
4245
3002
8874
3406
5036
3264
4037
5906
1334
4601
1465
7339
1483
9411
5553
3727
6398
5027
673
5362
3061
5190
9487
4962
4028
5478
1654
8917
9487
9765
1509
4016
3608
334
3994
6583
1186
4392
9031
1162
1231
353
163
4765
5885
8082
7682
2527
1654
8216
5376
1264
8344
2839
2943
2451
2319
5240
5008
1752
8428
9862
4809
2070
3388
2322
8938
521
5179
9060
3366
2919
4898
7089
8807
2587
796
4052
4139
1056
7319
7048
9000
4100
8870
7200
8816
7428
179
6484
5549
2811
4227
7960
400
6827
9349
310
1022
5816
9504
2266
9725
2051
2270
4246
4537
6518
9242
6572
2821
1463
3827
7963
123
2910
8663
5198
8207
7182
3699
3906
5128
8112
7846
3688
6755
5521
9182
4510
3596
790
1173
8384
6041
2613
8383
3340
5109
4895
4909
9050
6089
2707
7615
9742
1393
2020
9931
8421
9360
6181
2889
2553
4106
6992
3566
9331
855
8111
6449
5702
6292
8439
2701
8917
667
8589
1482
4181
1656
4384
1372
2280
1344
7292
3949
6265
7093
6509
2700
5333
7179
2070
7995
3474
1953
7066
9842
8750
6689
1935
4842
4550
4067
6208
9165
66
3111
8657
7189
9488
345
505
9923
3969
4267
3386
2833
4666
2432
8886
3285
4477
5098
9597
4111
7314
2753
8936
5849
8042
6881
1996
3424
9348
6280
3356
4654
1772
396
1935
9328
217
8934
4857
2238
1232
8199
6124
9382
5100
7163
8242
5847
8658
5304
14
2030
7247
7366
5738
4994
8836
6544
5561
9363
8066
1853
6186
6266
3341
9125
64
4549
9801
8372
3259
7563
9845
8470
6701
5003
2791
7363
8700
3234
5889
8622
58
6377
9493
6978
6640
5506
9576
1110
8073
4058
4766
341
6669
2558
6510
4428
2919
1203
9920
166
5726
4335
6737
8917
4976
2492
7571
4250
7939
2780
7654
8362
744
4438
8361
1616
9677
6924
1143
5820
1098
7250
324
2690
8310
2649
1525
6586
4519
9913
4988
3423
8653
3404
3887
5472
4409
1124
1227
8573
6033
7667
8381
9137
815
2762
4865
9114
4420
5831
9989
3803
6432
9193
6549
2824
7924
4253
5401
3643
4240
9994
4002
501
6597
5187
7075
4071
4409
3112
1189
2714
9489
7268
9527
2428
9933
4293
7527
8628
2663
2272
2263
7221
5917
5076
6566
3941
1898
3379
5006
1118
1744
3730
6505
5266
8067
1638
3060
737
907
9790
382
3549
569
8102
8660
7247
5611
4499
1935
2830
1561
3639
6549
3822
8111
7370
6192
2763
3797
3863
4648
7579
8963
9502
6384
3472
7401
4226
5409
8132
9726
1818
3504
1292
758
253
86
7871
5236
6278
9507
4706
3210
6553
2623
2495
500
249
6346
2379
8890
936
9253
6218
4165
2130
1303
7584
4971
237
582
8798
997
8601
2113
702
4483
1925
7087
1492
3115
453
8187
2136
4576
3145
7333
6385
5404
4391
4258
3983
4022
987
9633
9675
2872
5729
7021
9919
9180
8556
997
5788
8961
6761
8817
3267
8789
6949
1149
4377
1185
4122
2910
1583
2475
962
3332
7015
736
866
1495
8403
7687
8211
6067
1627
5124
658
2075
8708
544
7264
2101
6475
7309
404
8594
4424
1481
4097
5332
1406
4946
561
6296
953
4277
5132
2131
4265
6229
1920
4977
1542
6961
4021
8237
9129
3366
5409
5549
8345
6408
9571
7884
1716
2126
7351
8582
9153
9526
8521
8776
496
4774
2573
3277
6068
6378
8538
5313
1596
6710
5659
2071
9420
1063
714
4924
8744
5139
6842
4888
5224
5778
4468
5330
8522
8210
142
8621
1997
2438
5196
5335
5367
9390
1128
7403
4582
7860
7441
5967
6235
1281
9486
920
2205
799
8581
8064
9431
4128
4021
9401
5549
5925
6065
6596
5037
7612
9802
5578
8719
8316
2750
477
2431
4099
3624
9221
2186
1848
