6049
25111
13472
23854
20307
1642
26599
3252
17882
22326
8708
23418
3505
6696
8576
2189
20714
18718
17249
21006
2573
28022
2386
26025
27874
7124
21078
27469
5681
16761
28241
14159
716
19345
12063
29492
27776
15948
23275
26459
9298
7207
29206
6567
19598
16175
28361
29454
29256
7708
13941
14818
22139
12032
17842
29905
6188
26155
15800
23784
2383
26675
27552
8407
13347
6599
272
24471
17433
25243
12476
16853
28708
15961
2504
13230
20180
28925
16714
26091
18950
19157
13946
1315
11529
27891
15023
210
6219
9810
22807
22654
21040
181
17721
3934
26931
9918
16794
29072
24474
10341
25447
17794
21137
18743
18068
9258
17224
13482
17762
26823
16970
13380
19752
20643
19041
10085
14829
9893
4291
16592
14555
19211
4599
18023
25314
5341
8282
20863
315
13900
24122
21678
18544
1188
12071
13792
13178
9226
21594
29339
24610
21944
601
29451
2965
2951
27733
158
12564
8811
15217
8912
26081
25610
12211
20836
24556
27927
15776
25187
11028
12730
14948
26331
3818
15851
11617
4742
13606
4859
596
5639
26675
8528
12051
28112
4166
19320
25761
9410
13531
8452
16836
9414
24233
13788
22654
8968
14206
11007
25461
29949
15919
7061
23445
27186
16102
13170
23468
13931
2995
2112
4243
6755
4903
7512
23927
857
3384
8298
5103
15722
25386
3243
13079
21289
23708
6142
27341
99
2922
14015
20051
1667
18010
7153
17515
13825
11361
1542
21352
3381
24069
18116
22252
13751
27359
22009
24286
3888
8695
22432
9135
5867
15720
26383
25995
23075
28110
1563
25770
7020
22178
21112
2858
28391
12771
4057
21913
14657
9642
22347
16641
16318
29658
12881
3807
19862
27980
15703
3468
4887
12661
20108
29668
23016
6593
5477
17064
8442
13652
24353
29097
17588
9457
28474
16138
20764
29328
26549
17852
29919
7033
25845
24893
20433
11046
28215
15925
3371
281
24831
23898
21538
11367
29005
23226
8767
1850
17713
20495
14427
9826
24899
29629
27604
3302
7490
16647
8997
8859
23143
8073
13489
4861
4267
8399
6400
13361
18378
20645
19612
29606
1915
17459
27344
19956
16691
4878
13560
8853
9169
15734
22788
10021
8751
16100
7026
16344
12049
19629
15419
7919
11089
5773
19849
24869
5938
24223
28833
19024
22747
14783
17524
4897
1906
16514
10683
17318
22614
4426
21138
24950
26607
29213
6986
10334
20400
16179
15742
10815
3880
4192
29074
4592
22884
8404
7374
2885
20817
17657
27166
23034
1640
18451
5639
22439
3806
7414
18457
6535
16483
18599
21624
28977
10089
13837
10737
139
25356
658
26927
10005
26943
20165
7218
2772
24349
7357
9181
22305
20502
28221
11177
8818
19699
23553
16988
12429
758
3987
10809
11372
4570
3716
8219
29446
25231
4695
22322
18810
1345
11371
2536
3009
23755
3382
9830
10389
8158
8826
17355
1631
11855
1022
2567
4556
13086
12192
23595
20919
22653
7932
3076
22271
10775
8967
261
16884
29105
10546
3677
11547
26332
25920
21011
23730
27635
4126
19863
28521
8883
13277
2985
22250
18896
20338
23770
17293
15584
18496
13721
17556
12904
9867
29437
7190
20734
9918
17994
4363
1768
19664
16664
3601
5740
7884
7046
29401
14242
8995
17890
655
8206
17657
8878
17372
8577
15507
4132
13215
23229
3400
24410
12239
2264
21445
17833
11900
17851
18203
27651
26361
23697
16626
22433
19033
997
20285
10097
14598
22362
4333
5105
2437
29933
18982
4651
22172
28808
27095
7087
15863
27578
26247
27795
25146
10993
11964
29118
9580
5236
5099
27824
26055
12509
27301
14409
13293
3863
19694
4757
8840
9677
21853
22511
26195
20935
19782
269
17606
318
26714
21068
4345
12436
24478
18413
28928
3315
15058
996
25534
14155
19614
22258
13838
9047
12129
13384
13309
19851
15139
1746
3251
15426
25531
1226
21171
23074
22852
20
26614
1379
27256
3642
19248
4574
17382
16649
25009
11675
18057
8877
25655
18620
29787
21459
11680
26283
15530
26861
22855
8034
26486
20375
7859
3459
18428
11722
28574
5199
3815
25456
1330
23071
10280
13842
28829
23832
11347
8307
21547
20506
29438
25300
1825
20217
14250
13597
12331
11756
9632
24705
26744
11182
14452
26156
22913
7801
20806
19977
17007
4731
1837
11191
22055
3720
29209
16812
5643
17795
21062
20510
15973
29309
11174
24821
23280
3981
19097
710
15738
29403
6856
12558
20697
27324
5725
13017
23482
7465
3267
8139
10998
10783
21516
8034
25708
22178
15117
24347
15440
12110
16143
21347
25335
21732
23700
6350
14156
14438
13070
17762
3946
18725
16000
8732
27517
4104
4912
392
12325
13587
3571
26182
860
21378
2445
5996
15034
25103
12355
21864
16451
26145
26705
9454
5096
5056
17191
27068
3465
8343
616
15219
12995
26571
20769
23092
24120
25983
29906
7484
17621
22791
12806
175
17830
26341
8175
13860
29729
5207
21702
5868
11223
21706
7837
2493
25396
17576
18280
5274
5755
12311
19181
707
16814
7107
14006
7723
26031
1326
16898
23745
6234
22948
16517
22631
20050
21416
17589
2531
8124
13048
25542
15236
3903
18580
21099
1585
12681
2939
18349
3100
21019
26707
15694
1474
16990
7838
25473
399
684
28157
10224
15284
9112
23690
13618
5463
19496
4365
18405
23185
27091
10431
25251
17521
20857
14703
16437
26315
13685
18148
5493
22901
12960
22890
12750
26489
6578
16234
26769
9124
11797
4964
8502
18576
9159
27684
5740
25578
23625
20384
2742
23955
11814
11014
4677
8470
8357
8267
11448
12592
9147
18530
15328
442
4884
4269
8282
7403
6440
2309
26271
18985
17615
20265
6502
17794
14065
23466
28571
7859
18928
4562
18151
15090
12823
23316
6418
2706
20494
2529
5017
25762
21866
1885
992
24457
13284
12538
13673
22362
4505
19367
19560
4233
22043
17646
17903
2431
7905
27851
12507
4569
9361
6633
21685
23558
13015
11694
24546
27480
5843
7377
9760
23244
4713
11395
16126
17543
9561
2903
16853
27111
9796
6844
23114
15187
718
9513
26233
26549
20385
19419
3377
20159
12211
24732
14536
8353
20263
1909
1707
27151
25601
10342
5240
26617
4338
20618
26932
3385
3687
27984
14264
20757
19219
8058
24402
6812
16523
16638
13004
3984
29890
29689
23196
6953
26847
12578
21655
16956
4390
26670
23471
18952
8343
23760
120
23518
3962
26497
6605
25014
18439
12388
21727
15796
17859
20106
7559
8771
1236
20921
5498
22007
21975
18166
16478
7639
28027
13450
8969
25196
21681
13802
13060
8913
16187
3203
21932
27232
27322
4247
6117
18335
521
14875
24701
1470
16006
7024
12909
26965
23925
17651
26947
11019
29753
7979
3082
2527
22221
24449
1398
27735
13850
27321
14477
6187
5677
19508
16450
6226
27766
16704
12610
17100
11815
6458
7626
11788
21583
28754
19204
24811
25457
2114
11176
29684
1698
15023
1449
27331
20009
5793
29206
4840
27978
29710
9357
15374
1411
19115
16419
2126
28377
27378
18529
12986
3015
13106
26106
16769
27593
18758
21172
9873
12924
8780
29679
11541
15422
1609
18095
29815
28567
15636
572
13987
9982
19290
24542
10398
26058
4896
19534
19312
18211
27885
9103
2159
28346
19896
25793
25916
25418
11829
13603
12813
17034
25916
775
18863
19063
3720
1211
18803
17353
472
3308
29564
10881
11033
12070
24586
18052
1130
20889
12130
19095
2431
15891
29368
20787
2745
27760
17682
14622
10961
16387
26554
17829
112
5267
29815
10651
11825
7011
4789
29361
19013
4857
19320
3536
13238
10395
28404
16668
13791
26919
11798
11188
27915
8513
19951
12075
1233
23297
2080
25152
20668
8083
26866
25901
8701
24727
13011
18036
9302
18802
25751
20272
2736
2455
23220
5584
29636
8759
13560
2730
4138
9255
18050
23795
21008
8612
7696
6901
3239
9081
23649
15743
1544
24169
16783
9874
25802
28624
26569
6682
26936
17815
2462
18046
10337
11131
9701
28161
16914
4367
1156
14491
26678
11926
26184
24494
1222
941
10338
13681
24569
5368
29061
18252
1332
23163
19280
23006
21746
20626
28604
17232
13913
6042
29596
6470
7630
3761
19250
4262
19226
16589
4013
23644
8736
15019
6433
25606
1812
11840
14947
10975
20136
23699
11623
7202
20821
307
458
16016
1058
5387
8301
29449
18087
1307
301
7540
25059
29078
2774
17181
26775
5680
1151
17307
6562
6863
14516
9463
7964
16073
16578
12170
10647
12845
21412
2408
6398
19475
5948
6145
22427
20417
9731
19047
13968
20109
15533
11911
760
15970
677
3434
21600
20501
18939
21776
20309
27720
14172
27110
23189
19078
11260
11105
2427
21199
13769
6400
22991
16851
26353
16199
27591
27269
19922
18469
21642
18035
16420
28021
15651
19660
22299
24196
18865
29663
28088
25167
14749
19783
15440
5420
27266
8791
22140
26851
17186
9881
18464
25066
26402
12991
19903
17686
8492
8369
10167
481
19812
24818
1503
25622
14994
14993
29227
11651
7607
16646
14555
6854
22922
15598
10997
22816
20508
4746
12580
28257
14332
1778
21036
3645
11676
28559
25719
30000
269
8383
24623
17731
24316
1771
10042
12411
491
10633
11081
10120
19307
28770
25787
27002
28521
1630
6835
23482
2679
10769
3929
22004
26903
21150
2172
4207
25594
22635
9644
13424
19905
11167
7621
892
21105
22956
22599
5997
24758
25108
24798
16521
24571
18811
20997
11987
9913
9626
12387
13777
17250
15121
26565
28386
28113
2432
6521
13360
7590
19919
1384
20236
7890
20636
7359
7979
23369
12933
12431
6887
20378
4981
23596
9806
24374
23553
28808
11800
48
23353
23085
22526
10069
14558
16316
5600
22127
4797
1022
12150
14320
18151
11204
28652
26254
16817
16047
10407
19785
3655
19124
21163
9578
26556
17959
21715
9048
14075
371
27591
10182
24650
2833
20930
16119
3768
16422
7228
28516
19846
24508
21081
24556
8673
14313
12214
25704
7555
1777
3359
19560
16884
16849
16756
5344
4251
9571
1584
28977
2239
7152
104
22035
2025
13859
23978
23456
27936
690
2169
1803
294
1143
17628
11113
10903
25728
615
20039
289
18319
6926
15367
6558
8725
9679
19062
18045
17090
8238
29124
7652
5986
6906
12828
29066
1959
7819
18198
22956
14832
1159
10860
10705
13329
3924
525
18434
6064
16568
20977
3070
24953
6058
7156
7370
5785
9968
29678
26413
3205
1927
26046
10285
28773
23806
4794
2059
27295
14522
4918
7568
1413
24498
9380
11283
1911
19319
2926
14501
6562
26001
7465
21784
6066
3906
1883
6632
1771
24451
23867
3799
2865
25765
26594
24329
7204
9376
23398
8262
17276
13856
28546
8148
23678
1058
23722
8250
25067
6384
10675
11467
11706
14886
25050
28650
21613
28419
20169
12533
28329
22247
12666
2929
13963
8012
27264
27205
16035
28750
11263
29847
5854
19823
21271
3731
7856
2369
25327
26134
14307
29015
9075
17442
9956
10979
24732
27250
12143
13411
14954
11940
11531
10352
12978
15445
16753
561
12134
4173
9910
5506
9903
18574
4154
28561
17975
23312
23817
4899
5470
14998
21132
20556
4989
4430
5280
2612
26630
20056
8320
7715
11664
21138
10329
5622
9086
28047
15502
10150
2532
14037
5047
18022
11576
29044
14736
3521
27683
5106
22431
10350
2268
22450
6121
15715
17518
1146
1536
23795
6281
21282
11666
24097
11996
16638
28519
11643
28115
27896
25617
16503
20547
26551
21819
12273
11210
21437
3946
6051
12303
1070
8877
29008
20117
23318
26161
6887
2045
8093
27452
27785
9975
10718
18460
13205
8007
11788
25312
1621
7595
9521
22864
18628
224
6401
3184
4439
7300
12088
16586
29175
8734
4616
5321
7474
2471
10206
18790
16735
16688
29527
29151
17677
19670
29608
28292
17758
25863
14160
28270
28557
14397
19033
16770
15565
5993
16792
28318
11654
6406
14192
26361
2431
9075
6725
7502
25002
4663
4378
25314
6824
695
5361
15916
11891
6028
1616
25669
11808
2703
19979
7777
22216
22810
28422
6928
2854
14459
21097
21496
6433
19714
11221
5407
18846
22656
27459
27381
21975
23161
589
7130
10358
29153
15741
18092
1187
29533
1717
27960
12019
16383
18323
11453
4441
15998
2239
16751
10448
21768
24299
18586
21947
10210
19829
10413
29177
25681
18773
2936
15759
11076
13617
27888
2343
8588
2063
21575
21162
28154
10583
625
5906
29769
10731
7399
10259
8602
27335
26787
8271
28488
10035
15978
13631
393
9651
5321
20766
9529
1593
3795
14138
14111
20086
7124
9120
11681
25171
21436
23561
18532
16193
18876
9218
19942
8386
22132
5649
10574
4680
11526
3100
13010
11694
17116
24395
18580
22820
28639
6301
12971
14721
4917
27285
15766
22867
7960
1238
23935
20963
8114
2589
24286
2311
1263
17019
16618
15456
18678
15869
22925
10724
17053
26054
5585
18452
23208
16292
13031
434
12649
18110
23740
18423
27221
24318
14764
5420
19444
19290
12227
1691
27549
23787
12069
26923
11565
14346
7783
22535
21132
21703
17913
9949
27897
2892
14479
24839
28563
11701
6398
5288
4413
14491
27294
1477
11930
18591
11050
26484
5683
18638
16070
15673
275
18873
7667
28982
28724
19971
1947
14553
21445
5359
16697
6828
13118
15268
4042
10316
8588
4533
5548
10812
4314
5914
26393
29877
24299
20226
17376
10098
7677
18167
23154
14006
15338
15008
16727
18093
10194
5564
17037
20173
16623
10120
19400
27613
25805
6775
9259
22069
5066
22356
211
26655
11157
3902
13941
12453
23371
21454
16804
24072
5863
20255
29080
14404
14727
26704
17473
14496
11920
27372
6764
1771
2791
23659
3517
3189
17638
12700
4500
14529
13015
5964
15566
14712
17104
27948
19451
1194
19240
6355
19348
14745
16001
12771
9527
29906
11430
25424
24778
5687
27588
19592
8955
5912
28753
25419
904
18234
1985
26169
22012
2128
18026
7531
14604
27846
10454
14471
10988
29126
24448
3331
12725
1763
24484
15345
9117
13415
15248
10856
16629
3147
5381
13149
17729
28371
13999
28949
29096
20106
24280
28053
15656
16566
4881
10470
4783
11468
4497
20022
6341
7372
25791
26575
7082
29066
14877
21286
28744
5104
3389
22911
3374
13934
1724
14864
4972
12273
18358
10540
9180
13043
465
12699
15962
23487
14594
9886
24275
23344
9932
21089
19045
12681
10262
27828
24675
9491
5707
3288
16036
5889
14608
5025
15032
3457
17633
4044
17569
10440
10367
27005
16197
22180
18318
20824
11175
23713
19051
10480
18428
19409
26184
15159
10594
15874
22644
12916
26993
17573
29743
7148
5443
7898
17582
6559
28143
19481
8039
1692
25580
10517
29665
20305
24895
2017
10758
13755
974
11282
11781
11848
19669
19507
28866
21650
28602
13397
6853
25778
29567
27969
9458
29724
7360
10275
13024
22892
12602
21949
25351
5755
275
12737
21343
29553
11475
19800
25679
25563
20173
27519
29307
7281
7665
2159
26964
20033
10495
12606
6677
23290
28550
9624
3138
14221
130
26487
11504
3056
26496
13365
5022
3651
17486
25915
24012
26804
5879
24690
11153
4727
12308
14320
10668
17767
28551
20899
22966
17136
9083
6835
6356
5190
5399
17625
5260
4807
3927
14485
19168
17109
4257
14133
4385
27843
10940
19881
26010
24007
23012
22315
10397
19487
4493
680
11752
25532
5707
7416
7702
22710
16285
19414
16015
1123
21345
2942
4377
17462
15365
18508
4679
6850
11814
23227
4518
9177
29283
24257
11422
2126
12571
15571
978
17336
15132
29073
6456
23564
7894
6755
22584
29765
26121
166
23674
22846
9963
1382
8749
26860
17006
6207
2356
26126
3470
26655
26321
25280
28083
3610
28412
13117
10875
3435
14595
23549
18899
17129
23266
21364
15824
21859
9196
4677
14129
12173
21236
11433
24597
12574
13481
14294
12061
17990
6749
6411
2140
4746
7799
7864
684
7899
21937
12897
14968
25707
20207
14444
18605
3126
1776
5647
26709
26886
26833
17278
249
1453
14097
28000
25747
9126
13614
4352
28174
7724
22781
25285
21648
12267
29681
13590
25525
11202
19169
24494
1550
16591
14893
4235
22569
17143
11930
19161
1969
11448
3842
27565
28243
8043
20830
20957
4082
14312
4874
26385
626
11975
4258
4931
9445
812
15479
20903
878
15830
2200
24583
26097
19321
14124
3010
15395
17830
19750
16427
3175
4218
17652
27789
22087
23161
12897
21076
19728
17856
13439
7924
29879
17150
12448
15650
27281
24045
10395
14348
3827
2204
6904
19394
20020
28378
22861
12102
3420
3152
11630
3464
28935
29699
6419
3641
22599
21437
19362
2868
118
16790
14151
29858
7684
2997
10072
15977
20034
2026
18792
14059
18366
9773
12847
20579
1341
21961
19505
950
9070
29784
20331
15675
14349
7173
8803
29795
28484
10540
25379
15654
14472
17499
1794
8811
16833
5696
24418
23139
14352
14928
9690
19175
19331
5984
10518
16711
21584
13036
24896
21842
22695
13560
22455
18349
19559
13056
15644
24642
20654
7232
10039
561
2070
4845
16173
26915
29253
3795
27101
11784
8493
27704
27488
10136
25873
17735
28812
9929
4540
3501
16445
4521
14914
27883
1245
14607
15390
23909
18670
29836
10674
17760
12167
4101
23298
480
17621
6603
25220
8804
20399
26553
2123
25724
15138
9284
393
21188
8714
23753
16447
22658
710
18537
13155
3672
3208
22454
10560
19840
20309
20889
22798
22556
18771
29078
14660
2999
20022
16331
17360
11264
19302
28633
22261
1432
6160
5558
1821
20223
3812
26423
1400
3844
18190
17360
9998
24675
25712
6571
5306
17476
4922
7469
28365
7122
2939
16506
11564
29433
22612
27538
18439
14265
8744
20137
4414
9369
18932
26618
8131
2280
28053
19531
8679
1864
714
14152
20019
9252
27639
15553
13826
14304
27542
26513
2225
6071
7039
25160
22249
1116
20865
26991
24820
14071
27823
13584
11626
11632
16766
29847
4857
5863
25861
7406
7519
26535
1945
11978
2196
28432
14630
10548
26679
7132
7179
8445
5079
22641
29210
23089
17071
12499
3513
15651
22437
23995
29444
25609
20052
61
15472
10230
8602
25446
25986
22982
9541
29432
6834
26157
4352
22596
20861
12470
21715
1148
25805
25172
12536
14977
17541
28345
797
4319
7590
28088
16162
21150
3247
29037
9701
22980
20475
14292
6584
16909
10943
3223
8154
7946
16112
18840
3800
5826
16269
11747
23162
21076
19489
20792
29289
20469
14196
13118
18142
13823
27433
24736
781
20503
13084
28468
4637
13952
4169
1988
9584
12735
20194
14092
20924
3126
6605
19603
8894
15689
19511
13838
8664
16670
27194
25139
3493
10677
25645
5015
18390
23403
17626
25628
8510
22028
29560
22196
803
18401
21661
24027
29833
3181
25241
12149
14883
8681
24585
3104
9310
4555
26316
2775
13315
23109
12467
914
15694
19095
23553
4259
25400
25105
18353
12825
16121
26267
27569
25283
7636
16692
923
12321
26321
2027
13453
19685
2754
8188
22045
1300
29528
14887
2746
9621
20015
1297
11391
25213
1391
2240
2400
27125
1486
19160
10051
11615
10089
