11897
70445
61682
81362
46868
42847
22431
82268
46556
68975
32757
42904
79038
30498
32545
83151
91950
28534
40736
40113
70295
42305
93582
39558
77046
629
86072
63066
33125
86174
30173
19341
31678
21134
11075
34031
52260
26553
18053
21626
72507
81439
9702
41445
50604
92451
27660
20753
5071
58422
28313
52524
14763
91840
40738
28812
94558
83527
37969
67046
85420
58438
44106
10935
8987
9235
30265
15705
68627
60761
93683
72893
60081
1282
78770
21970
60053
56715
70824
14380
25194
2035
31902
40343
28073
68028
79490
38558
40373
34619
45804
34822
37682
6230
3813
1377
82166
57843
5557
27039
10082
41376
59265
86741
39876
14985
32327
88211
14559
25306
3949
25517
83421
17784
81682
78145
89921
87604
3381
57702
95505
3771
73333
29807
62288
22658
69748
1159
29357
18139
8220
2095
17974
41985
75586
11103
67824
70670
34206
25539
52219
1038
71276
36663
46127
33940
71145
50523
52957
69481
69284
69898
61009
36562
11601
23586
99584
62822
73765
51639
17447
80972
27299
68931
3361
67788
6773
41571
18974
28687
41767
52023
5355
53534
95443
77778
62229
65875
8512
90327
4512
17185
72794
53840
71556
51068
71343
35599
77576
5818
28522
25468
39875
92585
49846
39266
67883
2999
74655
34962
24998
70233
68272
97054
69938
21285
30133
11526
27648
62970
21588
6897
86230
52767
37059
1948
19788
12967
5210
92815
76960
56373
62244
22967
28588
74227
61426
86584
14130
86851
53057
29353
8317
16659
44290
66335
62239
64702
67137
86570
48179
56714
76327
32516
58075
34059
52964
46644
50629
74230
29994
49444
81348
13928
23707
90031
78623
82578
45155
9922
3378
54983
76840
64767
7974
99958
60333
14434
82011
84935
30700
59593
46026
67097
11969
43936
88705
4860
36267
77256
68680
80613
43906
17013
74952
21904
56341
90108
40843
93845
58036
95623
31894
64130
98289
50297
3631
65701
33390
15784
37587
34048
3251
74122
11071
42548
81955
67435
86863
23740
28693
38485
97005
10618
22340
59703
48756
52282
83460
59354
88881
61873
87110
87021
13471
73754
64064
73732
10927
87872
4460
7761
2457
36537
4771
35225
40755
23111
70467
62569
80988
94046
89311
44223
2234
59602
44809
31134
29674
45329
96341
93411
7585
3004
57735
67118
25976
51604
20066
23503
30406
10659
51776
5349
22837
41979
615
59531
70569
81276
69022
21307
5006
55385
29113
33720
88265
68043
57395
24754
5320
79329
93713
49493
53809
52225
67028
55844
35635
58023
44172
74026
3135
10263
61932
95904
98301
54965
21234
56436
21021
71213
66692
66560
95504
66032
81656
22534
35023
54132
98087
63087
37431
45524
92751
59859
52110
72286
49357
37534
31476
47033
71065
71396
93915
92265
69613
29563
34699
2630
86173
9500
34512
92931
51095
21031
34600
77058
33078
64311
2060
20887
63377
14486
28785
19932
14802
50380
7443
22621
8935
12428
61399
71986
95623
85824
61382
3275
7589
35579
6724
69375
61912
97217
84101
27246
46630
78053
57388
14488
44416
41743
50098
85691
50997
38017
10829
30047
95118
57854
73535
45809
56019
56541
92954
95430
97704
57126
76952
34936
24463
19773
6927
43298
46096
49345
8819
82733
77728
41671
75484
23215
19047
94286
81942
15020
69663
26783
62556
92337
30559
46986
80810
69130
82090
93234
21174
26649
39197
22506
98206
18128
84770
52423
55803
64115
45987
92265
4468
69760
9857
3194
48251
32610
20402
27981
51932
58152
66868
77234
35750
55856
78204
44297
63173
44654
10634
77621
80072
7184
18252
72897
97368
61594
23091
11906
1070
8539
3157
24033
36514
25460
94412
60368
52725
93536
71024
67010
35565
91514
89304
34606
72981
50371
13814
92774
51812
60734
31643
9330
95241
96221
40988
17617
89901
79123
3480
82501
92638
49619
83537
7387
38065
45221
86224
2213
91028
81377
57556
41578
76653
1316
99882
69813
41388
95559
51385
91009
99484
95913
6710
76517
89599
58541
89978
90478
85290
12760
55514
53240
96437
16159
74114
2295
1509
73013
78073
53538
99910
45645
23014
53019
96257
5323
18766
37424
67690
91902
80296
53863
84587
21783
74747
61495
94775
38496
76386
78068
33596
97148
89044
4578
51223
70660
77779
54005
19197
42467
22334
59407
51528
75681
72899
86924
16464
65973
84193
10365
79322
77112
80736
51502
34144
51358
64118
95581
4394
82086
96905
38099
20918
83045
35237
50885
35936
16364
33483
1157
15676
88055
14008
61337
19838
61057
31570
31150
5443
29470
10477
14193
12651
95399
4908
75896
86189
14948
5744
33064
54388
19208
45457
14949
6555
51057
80498
81806
29294
20871
70295
75252
64140
22492
46174
79266
52174
67172
74069
87590
22463
42727
69483
9236
82440
98502
6527
1989
75431
39048
13032
59060
11420
87
86868
6236
97274
36854
71925
39977
77514
81550
99390
33350
60115
50230
15367
84540
29291
40128
84039
87226
16467
66809
65731
97672
3159
47978
92983
58500
12374
56482
88104
20359
36017
14922
48920
33080
99545
27661
43057
81328
18465
73166
29226
80530
975
30156
92799
63242
47033
84037
16679
53531
87692
44956
56026
81777
57671
14672
32811
6950
69123
38711
94043
67523
41773
26093
27291
30068
96426
31726
49303
45485
33610
197
64511
66429
18420
56063
63406
11853
67693
36178
13102
28738
14215
55855
53092
18640
15038
87408
57622
67898
87342
28368
21138
28234
35723
47933
92186
42799
45527
97903
33008
74303
98937
19574
4068
29011
33720
63197
78114
70253
2090
44823
2200
22877
91472
26331
34022
84247
30160
9577
55856
90182
48372
90203
48538
98664
24846
13834
598
51420
44441
75128
43225
89689
53790
44966
77141
90586
33729
52762
98827
80557
36158
46303
80386
9836
57316
29234
80307
61868
45369
37070
93980
3836
13918
77951
69615
7049
22420
81556
98854
29534
70185
57580
38518
55484
52229
81420
599
8916
52018
20018
95809
76944
27217
62148
87809
51614
64718
12960
53758
84734
21630
93593
86444
64593
28174
86000
40476
73075
4743
39165
38405
18197
32912
84960
67410
39830
62389
17481
57201
43707
68340
42097
27644
36424
5207
40711
65855
75335
38618
65172
39194
34627
20930
37983
34489
43781
19535
33935
50760
88258
57925
86159
64866
94481
22085
50277
5187
12157
76394
26968
41547
6698
68538
97731
40040
5264
54464
14262
80950
82071
91936
42460
16938
1365
45140
31646
81910
46442
68043
56958
93372
31567
68200
10967
4283
43899
2494
85550
58141
3417
22082
97777
36835
87847
80853
27454
56211
37919
82514
21622
5760
5098
65172
51168
70968
89677
86506
14609
49808
37732
57168
6537
30029
43729
54957
77054
75472
63823
78636
26630
75956
67025
88376
11657
44116
83144
53036
85762
23507
30861
67783
63613
9467
83822
54924
88934
51803
28596
33509
205
36952
4270
34088
11181
23562
81131
33114
99091
58831
91004
56978
40040
13153
38968
7068
62551
23009
33348
71934
27368
16528
5525
88205
52331
72200
1303
74340
65966
38941
359
95248
50026
44550
12689
33662
21227
78358
91334
26204
9519
22916
91944
89186
75695
83994
49433
69570
74287
94657
3050
28877
53234
89402
2342
88044
555
69170
54487
80856
23040
6997
96921
51879
85609
54317
25020
20864
29109
12004
80148
59236
70782
71357
43836
87288
87111
32787
25141
66454
78097
33528
50935
32429
87965
38334
81196
33788
93393
19285
93347
82897
34862
47406
75812
95006
36114
65573
84005
28694
24809
70399
86742
2879
13813
28651
36133
22116
96758
42215
28790
21339
85665
84574
4303
79757
28723
50841
34309
33754
27824
83260
34251
49220
5477
4327
20165
94319
65152
57219
39500
48045
53176
46666
80927
25952
37564
36736
34637
63349
80974
20010
76035
46739
18547
51085
8020
9470
34107
9877
64701
27287
59486
40307
5278
35243
44185
561
90174
88927
80629
64933
56549
56541
55528
98859
48055
79766
94399
63695
99635
25373
97236
56696
51326
37911
12600
10604
95267
21113
92537
44193
47888
74506
56284
92447
50071
16136
49338
6808
56852
79697
26355
14770
30041
90123
62616
50287
22663
89933
17443
28850
81181
12563
90783
45465
42356
66289
57602
21853
49599
82681
63469
73827
24148
4900
66014
26009
89112
32766
17216
15664
35874
73007
1714
643
48750
37417
28130
7133
40870
86053
88923
19407
16703
8831
94102
20500
77258
54793
35184
17136
9562
25342
21059
78910
54625
28390
51457
70920
64255
22691
79067
8447
65341
31822
26727
9537
89463
19876
32051
24811
79972
80451
91902
19312
71870
34017
8555
98511
75246
48782
10338
46593
69243
36540
23500
86066
74311
61566
56826
72983
75459
93097
73404
28932
16536
72602
77206
15406
57081
97200
56181
48199
29349
58165
88510
73695
51349
43590
87774
74347
24039
6859
6392
48142
81140
60735
21171
86934
94364
61167
75096
48918
46147
20478
59948
26343
71609
62553
70250
36985
78356
27271
16644
79827
28886
37051
13869
87109
11544
86004
29750
55630
67116
28076
87944
39412
64514
93964
8085
49240
26740
83352
91572
7004
40500
97904
39243
81442
27625
56186
1637
99392
59860
42676
55015
31981
84869
13797
22102
66243
6684
96833
50094
21355
2261
67425
65008
63608
48343
71990
55905
3771
84597
77848
87306
57139
51013
31131
67881
1065
73373
82188
5661
85610
26180
84817
41362
4687
17678
57499
92158
23394
59256
19185
18818
32982
66057
50069
90736
12176
67166
16179
9301
91281
50265
63431
48055
27597
4934
69444
53655
28909
63051
25910
22130
31028
25834
69485
87500
44379
84206
91232
39150
62580
80303
75292
66307
30832
99525
27925
36909
16157
74700
1342
99485
4807
81679
41339
11663
69248
85262
23401
59785
70878
10545
53709
94526
18387
71305
5683
93689
18375
41899
87483
97762
47016
59244
98019
24970
52465
60768
11264
51686
47956
1286
37371
27732
76604
46669
49081
81961
981
12436
58369
99483
53126
40199
91776
22714
39215
96321
85425
28738
97566
43250
43571
27765
5366
6680
2437
92701
23849
78787
60609
42503
93522
4815
34857
77811
68869
35589
8627
94099
83949
32756
1555
17044
98532
54173
45537
35386
65335
5117
50561
14526
40010
90745
54948
98481
32532
30070
67888
76476
57145
74321
34601
1363
764
19864
62254
92879
19549
45886
10169
78376
32439
72997
84424
72121
20231
17400
52562
18200
80111
91063
95934
43278
25470
16973
17938
79690
90232
15267
16673
4382
78112
36470
35785
46196
973
19053
91822
1137
8358
59795
93914
56731
93597
52116
40556
89734
17522
51342
55848
99038
47188
58711
45852
38323
62284
24333
35251
1046
40830
30139
91123
6962
65468
7824
988
10375
77843
60714
329
83563
32172
17364
93285
51388
96272
80838
50913
29163
77798
80960
36281
24030
94730
28599
21171
11873
43304
45471
11292
15991
72906
30248
26828
43065
73421
70308
58718
92518
10856
56539
74925
46711
21635
23737
81001
13321
46435
24214
90102
64656
80040
10389
59780
56544
28661
8312
8873
87289
83087
32991
43029
51388
48283
76229
42778
56406
67716
81347
78465
85368
9267
24932
53956
45566
69042
96634
65172
45428
90871
15647
58643
43161
1140
29527
39864
53854
87578
88936
18343
25102
36455
92446
66713
80746
6064
21274
76030
40640
7465
86588
14583
34831
83634
77252
14633
23554
92581
83925
73165
59270
74695
32482
61411
56488
7154
18467
64599
47168
65936
38242
97537
49208
11668
74178
57293
17019
89786
91302
66703
30562
56098
63804
8213
77427
94796
47410
69742
68246
24263
8128
92573
26742
24843
2433
45492
31146
31304
93002
69063
69002
85153
53840
73182
54393
21655
30767
104
28790
66903
69822
7440
85936
20367
71924
11830
3239
18650
71383
34922
30094
47289
43592
95811
18061
12291
33534
54084
46610
77833
5564
71894
8145
88249
60068
4958
95817
83452
41218
40815
39351
88478
97160
51079
40214
50456
63239
38620
88120
15716
76683
90077
85310
1486
93649
13861
55573
9648
27338
16131
82680
1235
32196
61504
9290
27877
44675
28160
38807
37450
60962
60961
91280
73177
75123
93571
66773
27581
91172
60665
49346
10948
96194
4044
9672
39436
94644
81511
58900
26850
94408
38702
54310
24241
84220
79522
87257
51736
49154
95416
60691
29011
32332
64707
1848
38354
35176
62146
64683
46144
98902
14345
77752
94701
90850
87821
98330
15717
28058
90324
58525
50864
28182
55195
8086
95527
23066
99769
92027
89556
50663
55720
48963
68894
18576
8910
67076
93325
20939
5893
76305
27805
99566
65897
71244
94663
60992
85859
40640
39448
62327
17664
2756
92710
59138
56847
87642
88355
75853
45228
57112
93294
47618
28556
35423
26650
87627
60442
75652
62104
35576
90051
81714
54449
37296
36299
58175
8628
14571
42630
58685
89390
88762
37650
68012
29742
66721
41972
32540
20328
20580
33336
92812
32526
53972
3960
88328
56269
52179
29538
17826
9426
11119
21659
61437
78934
95319
49741
28822
38291
79144
51282
35173
1039
37201
19636
15751
97260
56490
36921
96825
87894
39441
90243
54880
72636
8020
86790
97671
89378
19490
12762
21700
67944
63891
56762
14539
7539
47014
84747
41709
40272
4719
40140
59137
4127
45108
37281
73248
82259
27868
34533
98205
35894
22118
37609
67051
44332
72795
11772
91153
4670
16869
17246
50293
42347
44428
61739
21945
38399
3581
98831
34773
2312
71226
83607
80312
74567
3030
55097
70688
60804
3186
81017
66743
51002
13921
16319
75265
74646
2161
50293
11716
65443
28153
46379
76737
4260
53706
61873
71080
41839
24812
1099
16663
61852
61710
32841
56667
82746
67509
13185
54551
59314
72270
67678
38684
12206
6821
55538
20172
45998
25976
10850
59822
47417
14523
77654
79427
43414
86542
13216
26676
78949
41637
20797
21037
43307
10696
27345
97901
38434
73006
76463
8627
64315
74061
60457
65562
58269
50612
47721
68598
83553
68830
62255
22852
88978
18682
45
22958
40434
23229
85409
83813
19663
27188
17614
90906
31968
59959
18093
11114
63492
66382
71836
51063
51687
80042
83768
97963
55588
71335
84711
66060
89324
90060
57168
61682
36717
62585
16435
87842
86864
25926
49548
4609
35960
79954
18413
57692
28513
20334
51160
57976
82270
88259
8102
45550
92807
29612
87405
20464
37448
77694
89110
74562
64190
43358
20065
78815
83248
95050
8450
86544
80990
51563
87907
9585
9722
30
3939
87319
9837
11446
17184
71878
32969
8059
27315
56458
44266
89385
36509
86813
46586
26243
89936
20774
53710
10506
46444
15111
55410
59078
43718
65821
13313
1346
86651
7335
19427
53443
78607
93456
27670
26451
8936
87778
21002
59694
67337
3107
42869
91734
80960
38602
86331
40679
20098
59291
6861
5751
37761
20892
3199
81784
41386
3121
19392
33053
13983
30606
33622
85747
74941
64834
65414
25147
10144
17159
37435
3952
84256
30929
20641
89018
22927
31922
77588
80862
60309
14081
450
25637
74410
47920
85419
83468
22363
35405
12418
10571
39368
30412
49386
39018
71440
17790
39491
18263
39023
69963
15796
39239
68576
13166
27356
57678
52377
83887
98743
12817
3979
51821
62490
84106
1009
38519
90972
61519
61443
48372
23613
27437
62552
71845
26157
68024
96699
70041
84128
29683
18061
56711
91523
97993
26025
93959
47798
64401
29867
6376
32196
15068
47601
8747
91192
5586
27863
56615
43395
96596
53349
58900
57903
60347
86129
78060
97776
80780
85664
84408
58859
48641
5142
26685
89326
34019
17078
67908
99363
96914
14189
99700
54405
26213
42940
13513
686
96710
84140
29265
26015
94153
50359
25552
39717
40499
86462
49076
30498
3712
88939
32726
78200
36366
39971
23770
87291
91782
14992
1940
45604
95508
20240
91074
74162
98366
51072
64374
59655
89883
14728
29631
78566
46034
8091
10764
31642
22510
25858
56052
18423
97881
49628
52545
77026
46157
10784
4877
71695
59692
75177
46350
37729
92115
48771
97515
43127
49038
1442
14980
50705
39543
35832
7663
87734
99786
67057
62885
36236
6845
64443
41647
92397
56141
96756
59730
76261
73615
67198
28860
22354
67043
5404
52554
33622
25148
41255
26399
97035
14653
80339
21922
55128
55270
74164
33150
79568
95055
16926
12164
33817
31422
92063
36625
74787
24106
59399
55788
2217
18946
40016
66881
18159
18617
53937
4801
61228
66509
98294
64955
67854
95112
5859
50716
13895
90348
96022
38550
54185
60734
14083
85827
69788
56002
53797
3494
34406
78747
8109
38191
33997
42639
66319
3762
18364
71285
7202
28613
41415
97157
12735
21484
39566
97491
54117
68104
18785
10397
68618
64979
68285
8261
55809
47912
82420
19604
60363
53246
80159
42957
89223
36963
65349
72707
10180
69448
17709
2361
82903
11528
26898
79801
77987
91349
47678
62907
67555
19446
22912
92055
17408
55659
99582
5960
9777
46671
83682
97115
91152
40894
89744
32923
94809
47239
48498
40644
53312
52246
62378
57448
48281
42752
81704
91823
54092
19859
17405
91826
62625
32822
83493
90955
33143
55991
75709
61806
79331
6362
38557
69525
64659
45175
64892
17223
58572
19002
84973
91151
62169
19817
30500
43662
9186
89475
72531
73744
77048
47871
22278
55050
81997
53727
39894
35362
28938
80856
1317
85917
62890
46856
10618
34433
63691
94300
51496
60212
5981
55993
33174
63876
69496
19601
42207
19439
26998
96427
49974
15955
14531
42121
18836
61476
82349
68284
58866
68939
20239
64749
20432
7972
24829
92342
52244
43834
84379
97025
33918
63974
37924
4843
57137
10548
28127
3498
75435
41946
53050
38227
32258
39353
56603
45873
57899
42518
89292
97764
36396
15783
88451
48730
4454
37847
26641
95066
77035
14252
78993
96069
33857
2222
33818
43798
14472
52241
60395
38654
71588
36654
48856
18931
64513
7554
13688
49657
58251
41032
907
61179
82467
30828
17878
41103
19657
26724
63598
22523
36895
45153
28738
84873
91650
87593
27193
80545
8025
79150
59570
36159
87970
88760
60746
60419
61569
47866
55996
55434
8947
29504
45156
7280
42598
13628
87637
50273
71452
93697
90915
65520
43370
18686
26618
8976
35168
65121
63771
61418
41761
61012
71249
10500
64545
78243
36719
95448
71571
84569
14871
92746
74888
17268
54596
12212
97319
18945
50108
12618
55538
96097
72997
28606
19218
502
73375
88982
80931
14744
13294
10741
84594
43299
16300
88735
76416
73302
84343
49069
54626
89537
51713
9781
54245
84846
59128
39348
97536
57128
57754
52154
81601
71388
79724
17484
59930
79222
62667
50739
13896
43522
36368
82176
18497
34701
86360
5706
12403
21821
95971
86373
4671
592
42850
44295
5400
21211
55296
57558
81143
2269
56537
72019
74167
52657
16009
89074
51800
7454
3605
17878
31477
66187
63712
85112
51187
41143
16819
37809
80221
18249
74516
74201
18346
72617
18523
99514
19107
77130
31058
95231
26002
4020
27861
64184
73307
60027
47690
61564
83063
56112
69607
65
55056
31271
93144
49678
34946
81131
3513
68919
42463
14254
67273
32187
56161
33681
16937
68300
61314
74410
99926
71748
48157
33020
15876
96615
98095
97603
11946
93283
45857
53080
57921
47807
55296
88640
66390
57562
65497
49366
70357
3695
6280
63961
42287
30280
13516
2565
45866
10102
93759
23538
90757
62277
16084
30292
18969
60251
97147
9907
21983
82360
36585
99171
62055
90924
47837
24496
30546
5704
38316
85025
58135
71273
72617
59401
78028
36949
32208
1450
39855
61623
19502
26012
25817
23792
40143
9447
33649
22093
51330
82188
76806
39636
97691
23710
59583
52184
89208
12259
46842
79118
46766
30238
376
70862
80950
21553
59588
81582
16485
36995
50688
19483
44160
44952
32845
419
18799
24663
33721
27935
82159
824
7593
84960
4766
60201
37296
29156
68614
98731
84166
14388
98162
10222
79115
19613
26607
23356
4094
57117
20561
22508
57670
42024
6785
58545
81098
65796
46874
92713
37611
75843
16730
71228
80741
68407
6910
31884
14902
59272
64439
30118
67367
41496
14626
87873
40100
19778
34922
83877
55022
34749
15048
2391
560
48596
65784
24128
7455
42895
20850
5549
4534
3862
34265
32466
4031
95051
38177
63207
94410
94631
78414
84517
65448
44274
76966
11720
26157
22958
46048
94152
98106
11704
48509
18932
47189
25412
60516
49638
58742
45446
80519
76953
10252
32345
30592
12466
30927
11554
95826
40926
68505
48469
10630
15997
76952
78304
47234
32685
72917
37170
82457
40592
16325
21942
93784
53289
27755
60807
17901
25813
10403
56871
9531
49953
20178
74759
31969
39513
33586
78877
67051
95068
75165
62780
50639
15380
14238
86497
47136
59545
63180
86400
51733
27831
76871
43712
19700
82218
35186
42619
83538
25674
78376
5917
86542
52748
34837
42198
14083
82724
17379
26748
48942
61655
82767
42541
73951
5657
7210
92980
60081
17582
59540
65398
66765
98901
27964
36452
33745
80652
20454
37235
15579
41654
29297
44781
40984
25749
99497
15931
54474
27656
55112
17438
67097
69635
11645
50937
3831
50583
18250
51630
45313
81055
99738
67667
51982
78932
19178
95969
86089
12222
89922
68590
30250
98874
26156
63757
61993
49635
93646
41633
33107
73060
1163
69263
98819
68687
91635
96720
95924
34147
3172
49966
97059
68398
51540
18962
22349
80003
34024
13020
53315
14958
92578
62595
52955
7035
63938
10699
73930
10423
29163
44197
50575
80065
89079
86439
45024
46619
93453
87184
98822
32877
31664
53724
18007
98627
29015
89597
52572
81919
95287
6083
32283
24637
74433
19346
74343
44436
24561
14242
27297
55135
6894
67206
43577
70392
99121
94017
47375
45778
86509
92714
57238
29870
45936
49905
9348
29499
61343
16818
46775
82082
48336
12112
60695
67561
54789
49474
34455
9611
60006
61198
87136
19551
34560
92227
91136
1862
69157
47490
55541
30988
46031
92232
61046
43438
57763
68102
98645
1517
18976
94125
99495
31514
90655
12974
29532
35737
47870
29358
74043
24174
58303
46900
48208
91589
5106
92115
87939
23924
50952
69706
46312
45565
86735
72379
74866
53582
39616
66730
34114
60068
10766
6983
13572
72993
35321
97332
40586
27850
55972
73035
76733
26219
32218
36561
12038
54675
51412
89161
66324
37718
38321
79286
63663
12101
54127
29422
91786
26202
63125
15906
67459
47067
74512
98336
71261
10932
4097
10712
42366
32031
58013
11895
25262
4332
57841
17402
11217
89864
61727
8454
6550
18905
64774
16444
90370
64777
57158
62818
38590
1487
79603
32781
71330
83065
15594
78264
11967
82068
69994
73267
80931
47874
4390
30575
70658
87376
73459
19859
2860
98551
49921
5495
17367
43711
87846
50224
72757
9514
78930
59039
40376
42976
27110
55963
63436
8397
49903
99666
33053
595
85160
86856
82365
13805
39593
95761
28841
74312
75776
49541
1721
51309
9916
85976
77029
11808
31917
8203
54942
69063
58566
72511
40769
66122
4270
18840
64742
63596
81619
48185
19659
71783
15271
27049
35104
71042
1852
65122
81974
86796
77222
59357
18877
19341
41442
52460
57869
35741
79391
60101
77571
48537
92519
52014
88398
80988
75422
10993
2865
28276
71984
29211
32315
79904
88091
45542
56793
72962
12597
10871
3835
30598
84692
43453
31465
95197
26307
69336
21468
71961
11015
66860
21160
8064
39366
83520
32843
76866
92995
89520
43754
45623
55540
48722
26980
195
80340
76182
65422
17158
23412
49954
261
23893
2199
34721
47957
28620
53335
86362
24802
31914
54805
86710
76899
26596
54440
74773
49742
5654
22424
76568
190
82196
27237
13152
7524
38163
19314
71731
51517
80000
47230
24117
77248
87113
22103
21418
67190
19285
65509
84556
11598
58652
23954
37743
35009
45843
58004
31766
75037
92355
5698
95878
29988
85344
28542
35236
31383
98082
92182
56394
96584
93477
36694
93885
30818
47151
64245
53858
26467
60100
67312
88616
69424
41362
6102
30480
29182
70747
20337
55495
16156
71303
9625
99806
54616
55814
67186
49929
78767
60047
12402
26560
7721
51212
27348
71458
91870
27657
56653
68885
97716
66890
93846
80668
67122
79077
61794
98613
49054
83898
13788
49335
83361
88862
99866
38530
66597
48173
41000
23044
55273
87028
71130
32299
24946
9845
29751
11203
33362
89419
55067
97090
29248
64538
84084
33549
4402
51637
45184
52630
60854
54637
26781
7152
37410
30456
19792
18744
44140
86367
86377
97625
70822
88725
38885
80049
76285
59168
55792
88323
39504
49033
96301
41054
33988
29795
59447
51688
97586
43211
5003
75802
27585
89295
12491
86439
82024
17873
32391
46084
18857
93887
65623
58590
98828
52311
32861
1650
54618
41389
18753
41745
9070
27113
50636
27573
52420
80607
66882
72336
11820
88822
83555
61371
27704
14756
18174
49814
14650
50622
67840
77070
95122
99437
32128
61185
63300
71239
10728
21212
98847
763
46253
7367
74067
60235
17895
98993
65526
50296
26450
95265
24745
79043
8039
44592
25782
62745
36744
97747
23417
71844
65198
66249
97380
69164
54693
6304
20348
25211
1331
40318
54897
90966
9368
24179
84897
3140
49374
37935
66900
19455
37378
18060
22380
39107
66667
30644
87463
40428
58793
81618
27716
66644
25478
91981
6830
26983
79414
49314
42958
46720
86416
50216
5785
88187
51823
11583
20610
64678
20189
46206
40513
23697
5270
90870
63182
60429
46714
45202
45518
81216
67560
97634
70754
28533
71266
17532
31647
54333
87669
8288
31445
33704
39258
70129
60786
43838
82491
58044
2139
64465
92192
63951
17392
3487
55715
50768
24520
37459
73486
90307
49511
24979
77530
88134
52331
97090
91473
3371
31904
84246
63458
44575
47512
58348
40564
10321
7602
67996
41336
20611
17830
6940
47423
61932
31682
79917
84341
93123
5578
4558
1896
62565
60118
61214
56272
31835
53188
23049
13598
31817
37342
39900
30165
3285
13827
26937
56296
87080
37416
64987
98878
36751
40187
14378
82711
61123
18197
36851
41019
40815
76940
70663
44517
4668
38931
25778
33445
60891
65891
94837
69599
29189
98838
442
41053
59849
14535
8458
55900
46302
33073
5521
18352
90764
91748
85174
66157
40022
49109
45009
52328
23462
6874
61354
42763
21423
78810
30077
62941
21359
81509
55920
71555
52192
14350
40938
99735
11969
80329
60172
21310
77226
57047
64294
83813
18371
97156
8274
4068
73162
91651
69988
62820
74847
78606
70589
17362
31297
5838
70521
39527
54270
89626
74987
60719
33706
74673
45705
72366
43662
67660
47900
74297
4445
23607
55998
29181
65089
82809
48679
86212
33172
95140
97345
99091
31871
8660
80866
34028
38362
67328
4432
38481
62674
63143
92620
21447
12125
88222
76946
69524
71749
26097
6568
74936
76202
68536
44482
37483
8659
72783
79079
29601
77600
85971
22225
19047
89240
94242
56784
82724
80276
41150
83000
92977
26178
79403
60949
87419
24260
116
26505
6641
2299
10024
50703
47388
57289
24601
21135
645
55823
4147
32230
8131
51497
14756
48445
49060
72432
78757
17518
49913
68598
83720
12320
97607
41728
64223
82850
504
61301
30796
52913
73622
10484
56757
78816
77310
49283
2498
45117
67457
38433
30380
52217
65071
52981
48395
6532
8089
53434
79438
56144
76983
20605
90545
19015
43334
24989
18485
64463
54176
41097
98829
781
47909
48842
47520
95635
10499
98550
50304
17272
93728
84566
4751
18547
6476
96061
40466
34670
43640
5317
10378
16731
17996
31449
41616
27631
98876
20638
58186
26098
53547
48820
17260
40786
77804
24035
60312
3235
75251
23361
96158
82176
15970
4147
97902
18466
54296
86475
38257
67236
98900
27860
7464
9286
79004
68737
67321
70789
93023
55592
95999
35196
90756
61609
73266
57804
61023
84769
75969
81180
10687
74056
44967
13937
39327
30048
5834
31139
15201
26947
23478
86004
98623
51501
98741
53109
82971
16882
74019
30293
73681
84167
27088
63942
90450
77025
84165
20098
89895
97143
82355
99269
15287
50222
58318
47049
88001
2751
78909
63100
83557
63958
7682
32668
79959
37215
22732
66391
79814
61457
8942
98194
41673
11340
34215
91343
68168
39583
88331
16996
71386
83663
7780
41342
10381
19312
65538
91754
17075
22631
87170
3209
80748
70131
89
8036
9061
98963
70748
47323
62558
6295
89930
68783
84920
88148
69970
10155
60242
59565
74297
88192
2315
36122
46648
58803
10534
45503
8438
22921
23214
99220
75176
572
75634
51730
25382
74611
87783
29352
20258
63773
16087
45600
68629
88203
64324
78207
13499
94332
81630
70820
89150
23176
65551
40481
12755
39317
11580
81371
15272
74901
42240
70444
57850
75480
96941
76148
37803
57640
37825
99210
66362
57568
69820
60509
77258
19592
39838
76333
35333
10159
87454
37504
4444
74471
51938
93933
17044
64176
76405
85735
95719
94008
42396
87351
34391
15929
75741
37935
57116
29068
31978
51192
70848
76563
9559
52718
88368
16566
33266
5527
89387
33235
30820
44420
10564
33877
49995
13678
17230
31685
63721
42475
60595
53323
10650
66830
76320
61401
4713
56949
26047
51651
74148
74820
89178
34141
80828
80928
99220
16778
17470
49502
7245
2348
84265
7031
57773
512
45346
67502
58384
42808
24334
91553
87242
27402
95127
57770
81600
28083
86697
26231
51019
43513
92863
58048
36566
35961
21177
39351
87816
11450
81459
79666
71715
9218
69352
81044
62858
74818
77779
71346
31942
12532
65491
15735
58974
66276
71430
21883
14787
91391
84583
42562
68391
93671
49462
76258
29388
68278
12561
59079
29965
14673
11446
62414
33001
75524
67403
39639
2604
43742
79228
89303
50376
31990
56527
20018
65743
74173
58819
8902
62362
33623
53674
96775
70841
75632
72857
8904
92319
16025
50364
15529
35051
49574
4213
12064
71341
45114
9792
51385
88454
61587
62824
97827
87874
84481
84063
20597
52447
5562
34266
52221
88517
51362
50514
59314
2041
93526
88694
31815
70450
17136
9603
65392
52969
27463
14061
90349
94000
60541
25744
52986
83215
53245
56974
3370
36797
2871
5714
63751
97046
54846
17142
78058
23083
97478
24779
66111
49319
37207
10383
71800
5539
54161
93157
19158
61209
20839
38941
5206
85208
39415
76699
38364
4111
80550
68611
42919
38527
4176
63908
11377
21424
97030
82971
88819
98612
78054
50240
92085
82602
64626
34592
58874
2945
55046
4583
38664
6440
45485
26146
44865
23710
32087
18126
11932
5333
12361
20256
40275
41414
64617
77652
75185
78527
62132
2813
50465
75715
71304
49721
30741
96434
68865
18656
72100
13706
54681
72502
50562
29328
73008
1107
78142
74905
73707
41454
53750
50913
73143
82488
87293
28636
17392
57296
23153
14337
74417
14764
94581
39042
23014
46109
61933
65220
69060
21037
77078
35037
83871
91806
31444
34606
9243
93934
66746
42653
32087
85900
79960
72900
28775
34439
21165
83481
17183
7445
60661
46742
16906
81026
32576
39909
96489
5434
55622
58550
64588
97844
6956
22751
73434
49577
87449
89214
65325
85712
94786
40968
40221
36466
20754
46885
87519
69532
97734
95538
48320
12157
99323
56264
31752
91863
47619
12378
46188
31834
93462
8655
48042
88667
70031
86857
86233
89980
40716
5634
74661
46416
67946
1639
50473
86439
12583
293
300
75212
23469
60576
14298
28382
48909
8705
67113
18081
52520
24157
57386
79526
12419
67567
35704
92205
62811
23878
49087
86324
19791
15852
84981
17494
10184
83836
51924
21138
23909
29416
37634
14027
6455
78971
28534
829
78005
91168
28215
1641
83359
57963
90942
25123
80516
49311
38934
19568
44471
48737
81013
49633
14181
80070
80731
25451
44471
1070
55379
58503
94647
25314
21682
2903
65666
34522
61382
30497
10811
8544
28184
78724
94872
18378
32589
31395
93780
71533
47326
68229
68443
2445
74951
67282
25935
58962
4220
12941
22844
53880
16849
88224
63677
66236
30111
31428
7374
48702
22150
71888
87141
21402
56548
70626
32253
35245
45395
98409
83227
78457
70455
26600
38692
77727
31036
13420
71498
5396
43214
40090
72911
23408
96974
16503
54165
41647
71426
37279
78491
3052
84693
69969
32479
3757
41681
62536
6649
26825
52337
12963
57666
93080
82801
53087
64755
70621
72301
26536
99075
58657
14046
89016
83678
25236
99871
98994
85414
22990
83302
33786
79268
92734
34431
987
8820
87520
87260
50650
2403
25083
66214
43618
35907
83480
74174
26882
62629
73268
19395
59276
5440
49854
66876
51749
52692
7234
83966
7923
37912
46366
30719
95313
25739
60252
73211
61626
61511
4946
71793
25050
15444
42125
93682
39256
56097
95989
32612
91984
97063
20595
36328
77140
34921
89679
72056
76656
49092
14038
86207
90418
47131
55686
66381
55576
59139
62794
29292
12882
23172
67768
78058
59139
81379
61218
7459
13438
11068
52575
52279
98781
34864
25088
85833
89132
64512
75157
87745
88296
46875
78009
49249
70716
66336
14797
77313
1628
31113
64046
50510
34473
80409
34959
11175
21250
51639
12852
6734
27791
45200
23595
22812
38111
73958
15117
30701
84870
1944
54825
37763
20567
19114
75970
17493
79692
42955
71837
24938
16128
43823
86083
64690
26479
40942
81814
91776
5135
94004
79209
25010
23109
43290
86260
66316
24969
25195
85034
55551
14520
42763
76330
74479
92317
35317
23408
344
98752
83580
90219
93874
65982
39750
50170
70676
50591
52989
8328
41557
44034
17671
33968
35081
79561
57853
20930
60444
25103
50290
61516
12252
57976
93086
15964
73173
24511
33696
40576
53783
38573
97354
39137
26134
46807
85236
91760
17074
87871
78264
98725
28181
70703
84342
13649
56508
28414
34341
99086
70021
70093
87048
82615
31031
17300
87126
73945
86781
8925
44197
6831
96955
99380
58446
32859
83633
92294
7675
87008
7533
79179
32217
4808
97343
46427
12183
22157
87795
23664
25110
24579
84497
79932
5685
66223
80248
80373
94074
82246
67721
1511
89043
53549
64765
82218
7856
70934
31434
68424
31515
86726
14145
42604
55878
23150
4222
67551
80929
50654
39953
46389
4033
60234
44765
50620
57384
65391
62057
46567
94880
85866
21455
57308
7996
88586
92103
68805
43093
33978
74544
6292
4075
50338
20178
62272
25759
51123
71181
79928
95333
61271
23393
29668
67413
7815
80594
21553
53893
59413
98267
76295
84464
94512
135
25961
6085
74247
81314
51973
9660
92448
68989
52728
764
18555
29495
90240
52354
44452
27286
13423
85816
50992
41517
4304
78454
10047
26474
45890
46136
91451
5599
84656
56031
77580
40075
57067
38437
85309
66177
21084
98259
22118
67394
74255
17585
86212
90486
1653
74743
91
57117
28195
29114
57537
12590
989
57185
20882
72003
37743
67688
96342
60567
96884
87328
24366
81240
75055
51203
25178
92823
38019
41528
15061
84566
15508
73633
15543
63421
6732
72809
50337
46594
73351
7245
13854
60819
35020
7627
75821
42956
94831
57355
16404
40709
60059
6268
16610
37772
69662
14859
77790
16032
84780
10663
56148
56426
66618
11236
55430
46654
73347
76820
22070
91882
75474
64565
65442
94048
85068
92408
79645
66560
54348
38489
98502
60552
61242
31713
27381
77236
70461
25223
17310
8148
36313
96295
1805
57904
58785
87435
22998
27319
37918
71509
39676
19052
11137
24167
69555
11828
86427
21842
22348
53387
22052
27949
99669
55279
33138
44471
86502
20102
73049
30415
54339
43030
97555
99988
1500
98801
98262
95186
30268
22369
82852
38334
7456
14687
29588
81916
88742
3977
55903
77415
587
67874
4425
22824
89878
78835
2484
70431
57613
95021
96278
55505
82439
19211
47737
52550
29559
99313
88399
73820
64928
94017
73193
83210
36612
15992
65812
98089
37785
3092
38455
82949
68916
99860
8114
37507
7201
12095
48543
46663
15024
87602
66070
59009
35998
93077
4507
7293
72362
35794
44390
45703
32133
36780
64248
34647
99684
98873
8861
30063
53514
49892
61594
21253
80473
54122
60065
56946
29050
59845
67288
82931
10734
96396
66545
51713
49796
24729
26330
81271
17459
4921
82105
18747
59876
46037
46203
89430
12296
33222
31587
41901
40603
2324
88276
33445
56961
59646
34794
85465
44671
94130
92510
10909
92326
97673
1627
35220
55791
91524
20269
30304
78302
48681
81058
50477
642
30971
71446
93089
94801
22963
29103
87598
15711
25158
12347
25309
95703
82491
30266
5562
54265
95936
44818
18889
94683
88381
1653
61113
83044
78253
28379
7938
81259
4501
93266
99839
13120
4730
24595
46334
8249
49352
74909
78278
28434
89092
41735
51268
38148
22486
77863
38289
40453
36602
76323
47501
29927
28863
15649
96447
49531
18653
47189
37231
46087
78252
69060
77573
46696
6909
68674
7454
11841
56898
44419
68888
46749
70828
31555
39993
68093
37432
50628
67722
71483
42296
21871
19497
70350
13135
86578
80048
19893
86264
29163
91609
39650
56966
55301
34545
66034
82346
81842
87052
84012
47944
40502
58012
58629
7399
59630
73443
53770
34
75652
16224
39046
80769
65681
23759
84294
9551
14779
31347
47561
58723
48034
86855
37944
19696
36371
87854
13419
95455
16901
89101
64082
43428
71773
30428
46181
4948
7297
15412
24095
65138
59622
89982
66647
12227
53239
8013
75161
95902
19656
9479
39834
1467
82599
77950
60152
31790
80480
96711
30266
28304
94077
17105
72646
76097
53200
17325
76274
91112
19526
20514
46369
88237
7337
48760
3843
96650
89352
87140
65048
59241
12066
4586
90158
92383
58721
18000
50133
84782
34846
7927
4986
68775
4980
24157
29129
80415
94371
36974
69052
15563
99619
75517
39967
24208
4681
77745
14043
62718
19477
99739
33320
15110
72752
11020
88802
43116
17387
30213
29804
44078
77555
57713
45670
74233
93648
87733
1480
74491
8628
95983
35792
74841
72128
24243
1895
97944
71646
85944
98621
48471
78017
38582
73242
22310
81931
1495
64292
72257
21965
47536
75636
66072
47890
90585
72414
56269
65474
61882
45168
53515
12820
89005
9915
12941
29991
42580
27046
4935
92032
79046
77010
93092
7817
77734
46147
29021
99150
80139
54681
49390
6758
88021
6699
56699
99882
94871
77268
98365
36398
86577
75969
49147
91511
9594
13555
43071
23534
45614
50910
61187
20822
95616
22970
54969
92459
61859
24797
3465
65572
98200
20865
25959
87394
84049
24056
87436
10606
78332
96966
97823
80201
81243
3448
11721
25003
59357
33749
7978
52233
35335
55275
97688
31049
59235
16270
9118
27779
27248
28527
4026
22959
53984
82437
64073
57629
43411
23321
88424
25107
55110
12166
49962
91065
47694
47441
11319
67798
89174
60272
69419
88858
73092
90580
992
25689
36576
46766
47101
3666
24592
32237
55743
42548
48380
88158
79491
57742
60663
93454
97484
94245
14466
96159
72350
99940
4666
83627
27449
44884
10138
56528
33118
92332
87900
31921
7599
40775
12332
40783
73962
19334
56395
47355
67833
10898
40152
9472
57992
62661
21495
31390
75014
138
69902
3903
26023
27643
42978
78296
12020
76382
51084
53774
66799
85978
49570
87427
74681
44834
49637
57408
36928
67446
46730
24957
18359
70584
82519
39068
71085
12421
95622
63881
45905
51970
94197
24217
86539
4330
11131
64536
89689
7850
51469
20282
76037
96621
17968
24043
67285
9032
97161
51584
73280
25327
68269
51407
46550
91176
77014
54296
22817
53331
77772
35971
30603
97097
77445
49137
80172
68102
1061
98813
91218
38372
37705
65685
35076
19116
26979
61030
5097
35514
15054
94690
88330
11497
6739
83516
85192
8722
65249
17729
63802
60564
80773
51044
29630
89251
6960
54410
22225
6909
38082
59543
5884
20362
65955
85554
85028
25016
27276
82264
91766
21142
28007
16576
2478
49266
82372
2261
98309
53108
80280
48219
47294
43718
19830
42227
42303
69700
90289
44503
82730
7701
42440
59411
21276
12180
1955
95003
3500
63889
90097
13589
24692
51103
81531
69054
53957
79726
14377
34387
67707
57186
5757
98432
60176
28377
5728
72387
375
91744
95529
38454
55109
8325
43890
45260
76757
52632
8080
79498
86143
35285
17257
26842
1715
21044
58522
6975
80200
74296
53925
91027
14308
72262
4286
69368
22070
93041
85396
86689
84579
60416
8522
1511
71913
1128
18467
29598
383
69702
4112
66876
84376
77603
89662
30811
78286
92235
57069
93198
14138
63853
48877
43757
21493
94608
86253
27879
32012
11004
85896
28518
21656
90503
39466
12134
10319
91029
27305
16936
97641
9872
58959
98684
33815
47338
32394
18478
22567
76643
31329
55649
9786
48738
69286
69913
22784
7894
70833
88881
5684
36587
859
72968
97772
76782
62566
54559
25168
77612
14744
46237
93178
43919
65651
66043
77490
97773
79020
98785
86813
99797
33877
21583
97053
75796
37289
38910
63895
66784
42487
66080
84687
80331
56073
14575
6293
8526
8343
40879
80588
55181
84098
50649
48795
43032
75547
11753
92407
19245
73073
74257
97622
57756
66067
54735
29480
72641
33172
97320
54331
44077
85932
40871
22666
5487
14796
94290
13176
57379
15947
95055
62313
99455
92029
45734
36101
15677
41189
50062
15944
21540
68107
96694
69904
58777
95765
66203
11621
65307
44894
73872
16276
42169
12829
12942
72214
31937
64924
31789
63690
44178
5819
21825
8092
2042
56168
89755
43466
39946
72637
81594
96417
32227
46567
19156
89875
98260
9274
82867
24695
4574
23096
99677
92891
46849
57134
89095
34530
27533
21108
27459
53152
99087
69058
24283
22921
31334
60912
18763
80600
81287
80026
36931
73919
42489
21095
88721
41874
71149
75205
81522
36946
31565
25583
21863
36957
4194
18642
17060
3369
57190
6831
45890
94103
58845
18979
56096
28314
20559
71418
46968
96312
22827
96721
8981
94087
34355
48692
44000
6342
67963
39997
89759
20392
94621
78758
62983
84658
6795
61020
82808
54660
80372
11491
2390
1078
5686
2115
3808
28198
48407
26703
59049
5793
92189
6505
29046
39093
26300
73235
23437
25298
75076
26023
48678
69663
28165
95431
17759
74401
93052
13116
41182
21016
71448
82183
60903
86657
65416
3032
71091
62709
8884
1711
59538
41919
75067
47046
45321
53929
18766
92274
16283
14283
60664
86189
42655
21813
84779
9203
50467
2744
66063
58197
32
87177
99023
79502
17667
38849
36855
39834
7829
62398
62257
8061
74485
19577
119
65156
78112
53972
4857
31905
15271
95630
50929
88069
70494
68690
3677
76353
40326
895
2948
31604
69571
93746
83430
50467
36482
82289
47696
94999
720
27943
80688
94470
56216
27998
94647
59321
65846
6465
16960
70929
81856
35452
84383
4479
12709
51938
12515
6306
64860
78466
64214
19605
14598
91773
64033
32834
23889
7890
14208
69798
60896
9399
24017
44209
61068
98486
70098
20591
93111
63917
96274
49075
33702
90241
38997
63428
22576
86550
39578
68497
3813
23113
31873
13724
97075
50996
10112
15887
38711
91791
12949
33270
86798
28933
22744
99964
89990
47379
14031
58941
13055
42328
68173
71555
8688
58528
76379
56935
11431
68912
78837
14682
61313
78497
61931
33604
49981
60966
61986
49668
50287
12771
49291
43748
81979
92009
1375
9059
22770
64539
56440
3906
11205
95905
50895
89869
66485
78401
43279
5200
99979
3524
66064
85583
113
59125
98076
69463
22961
59305
39669
93583
53275
10144
66414
95159
80711
26803
55974
41702
64505
56308
84661
51317
87224
82187
4046
74721
92809
94724
69345
84027
73148
13388
22420
53109
71537
20304
33383
28196
64837
97383
18041
45029
94859
95335
71877
83706
13517
20733
78085
92487
84749
64598
2535
40788
4947
86598
71585
12793
35278
64607
94381
20592
53876
32954
46115
38622
42437
33190
24331
68684
77417
28035
81747
81195
70728
14248
79137
20486
33055
15870
26528
5803
89856
90090
17985
68265
98359
82619
76389
99872
89340
82789
94323
88827
59442
96572
84045
72945
15103
70783
73225
99481
32389
23287
54738
55284
78649
21740
5242
43019
90532
1639
42045
98981
93078
22321
19357
48292
32365
86644
76356
5507
93524
95457
54887
86015
20488
42785
76833
28084
81998
31935
63064
36919
35361
76798
84208
67973
66231
93801
74423
98888
65723
63216
29334
98699
99055
21234
92961
8623
74118
32693
59614
18187
49296
22034
2694
91387
12328
96740
7473
4479
73533
7228
80244
65286
98700
60853
95128
3171
64540
34395
37140
36153
95762
49968
62750
15609
11506
40723
82707
49441
57060
25804
30826
69099
20141
9046
90824
94156
95148
37905
27046
13275
45834
35289
17936
28987
46917
46080
20886
97305
13597
13731
95888
25784
39777
30862
83092
8592
5406
43566
78910
95950
49464
27973
47843
80061
89743
92605
10056
99176
60163
61310
43517
89477
38350
43558
89172
68411
2506
66883
11288
16891
21691
2645
3460
32483
26780
98492
91856
89563
95553
95430
56617
40581
83827
24269
13991
49238
68958
68762
1172
80243
25831
8759
28636
20943
41041
26716
94984
41513
30047
34365
45517
51391
94063
41632
6405
59666
26217
98889
89341
14383
60452
20374
51074
49417
27193
41134
44468
31203
64992
61192
52288
95497
570
61085
46107
84311
83043
63085
44209
7174
58029
51456
88644
79732
91327
76013
88173
62356
63968
92809
90099
37700
7876
65905
60638
30395
12259
84285
39656
84891
21374
59109
27667
35045
21332
70992
39678
95036
51410
891
24676
74040
78409
62918
1793
38393
83220
97211
34799
72636
34031
10107
98848
51167
6106
74679
72417
91536
5031
25721
91159
62012
99921
28348
51732
42416
39188
63832
81738
67108
33578
93063
34553
79045
21084
51928
52972
65512
72989
29574
30853
53291
78345
58584
9833
93776
99963
50755
7386
181
90486
24892
46146
25833
13840
91467
4933
61844
25035
7124
87691
23412
41384
5607
87739
66243
33503
27025
25028
53454
69028
8509
75209
23541
33516
5912
19057
1808
94099
99296
7746
77583
72646
28278
98207
22947
42956
18362
22597
90151
52958
75950
153
365
76035
43653
66320
84749
99800
3498
28210
10453
96892
63184
60815
9711
22387
35364
68026
2411
54266
38183
76429
73441
76598
26254
23754
41902
12877
95347
75273
38157
92749
39758
26272
74072
67995
14601
1613
36757
27201
28375
99473
30845
71066
26031
65325
41626
52304
79195
63175
94931
13716
48702
9833
61035
33063
62342
96058
7827
2644
43583
62717
90681
1388
32311
72089
16458
6462
51721
12602
30344
6923
39300
80760
48489
13456
12638
36129
36797
94368
20094
30851
70650
97535
79445
20452
62586
7314
53983
57692
93762
3951
1602
43393
81982
56945
39091
63967
6776
94534
57834
41723
55711
82498
3343
22094
36813
47542
31533
8890
18990
80228
91431
41868
51803
70957
71035
76649
92173
40576
99070
69556
42264
48106
63964
18468
80727
27463
54545
28204
13582
98623
10629
22512
1926
83234
2798
10860
59532
69225
74665
9626
24336
47067
69117
72896
82782
22714
24039
96519
54609
9932
60570
14235
349
63139
84798
47826
52920
96005
18859
76525
47687
18235
78433
31020
51065
42786
24748
69560
83195
69917
13066
40455
57716
27096
76004
89910
59491
19918
33580
7021
21437
25744
91251
64357
70675
25854
5571
52355
82486
45183
62621
66444
54446
29010
25490
81984
10529
2048
20402
64880
79070
94120
28267
65127
35256
51591
16193
66297
9162
12846
45469
22112
26066
89760
56034
40604
53657
33792
68109
82963
32155
49428
53457
4478
5234
98254
95002
25224
48786
53162
42192
53713
36225
59254
92894
51347
23020
16872
91180
56397
45774
92280
88939
47965
75835
48922
65580
56995
4512
48226
99330
16198
43783
7028
27891
97560
80335
46945
23432
72942
99814
76542
95310
37566
65411
73358
22794
55450
48311
48670
3986
21855
23997
80378
47058
90338
92000
61610
82075
58481
89653
70791
25177
16063
42066
85995
97431
2149
56164
29159
57539
40451
55073
36131
10421
72959
26022
59337
14640
83690
5018
90914
623
69819
75093
29377
31401
4170
79244
65313
87807
43485
26847
24988
14580
3740
90978
99903
39236
81935
36789
91957
12386
17483
48584
58977
55550
43168
98552
93924
8133
66592
39822
11005
60800
29180
20891
74155
75874
76803
27500
68612
38342
98902
77141
85923
75150
61578
37577
89163
36762
12966
72288
85344
33271
21126
23272
68988
98214
77875
21818
56228
90645
39579
52064
52184
30397
21953
54007
22475
73674
71146
43280
31987
28532
19514
37707
92228
87930
9812
83076
9877
90574
31369
15109
84994
39968
98531
1393
17296
53197
51853
83065
7381
16352
78982
6895
17274
60998
51754
38289
31250
20846
61690
30681
83522
76588
29522
79390
32936
68637
54784
60361
75962
73845
92095
36888
17321
83438
86369
67239
16917
4239
17135
83135
69763
20191
76561
1233
67956
33145
71556
71931
22814
94122
4497
45447
63034
71530
80211
24437
30379
42653
85138
99132
83127
24180
92638
27661
88508
22598
74148
64635
86935
96685
32429
16433
27381
6127
67395
43860
32343
52999
59925
94121
34733
93400
23882
15348
5777
11398
4765
37516
65291
6598
15761
82583
40900
78880
48635
45318
31333
27761
33622
24901
21253
44525
36549
86448
96755
42367
47496
4854
10230
27941
22725
51619
84630
60024
27495
81353
1622
60735
51970
49541
45671
90088
48635
64562
78623
78914
1090
84911
33061
98284
10133
86852
7644
53010
53331
48987
92508
52562
24230
39929
83703
25601
80461
11776
39836
3873
55661
5085
60010
755
52912
26598
71461
80468
62400
33584
3105
78431
91102
97695
27451
29276
89685
85609
18237
78427
91991
43425
31371
82470
34501
43420
4673
50486
38005
2280
82794
61335
3384
55728
2072
14335
22697
86813
32544
2450
53051
79602
58307
20140
10093
28148
25029
99586
54646
73747
75462
91119
46919
48157
8196
94560
28872
25760
12327
16722
79003
36284
45461
92553
98151
42943
55642
34569
54065
46591
86568
29874
9820
59581
28701
82612
36225
82985
1348
66728
78562
41759
24797
47080
75245
88645
39874
49054
91882
25853
86693
45998
42303
72458
71889
35121
53329
11746
49416
24984
96587
58821
95386
75682
25804
28375
42663
62790
57571
651
6335
39295
16555
66941
51026
9305
38493
72608
76252
16803
42277
42222
50621
62356
82571
87766
73976
19143
33692
28804
32304
49418
93189
74739
48306
80620
80908
70215
98041
6556
39501
60704
66274
91626
45117
84569
685
19583
62407
65296
99546
2515
4260
51249
85857
90767
57103
96290
14104
26863
89749
55688
94251
48740
56457
59060
50372
55703
8250
65432
23909
67303
90101
28040
24361
13058
95891
55664
47354
28817
23578
50483
91052
76509
46590
93241
78403
48489
18511
70410
87172
20871
30621
33636
72132
32423
85137
9373
10394
26529
73786
57279
64509
99857
5021
42136
28846
9837
56315
11063
41853
23887
62604
30899
46384
97169
77558
75071
26081
37128
21924
59365
94613
98439
14735
89310
3694
13399
33262
69957
40001
13541
94254
37243
26552
60660
95420
29456
97074
3736
54449
9701
44546
61004
59232
59204
73328
83949
29292
56678
36202
49754
78557
11422
75322
52329
86735
51985
13104
13678
47806
46283
46021
51935
62473
63828
26990
84339
28236
18482
27136
15189
96397
1819
75177
94205
24141
63832
45056
33004
40752
11722
27536
91267
81714
71865
18473
86467
33129
93255
31258
12549
74624
39197
68545
54573
42197
75778
72807
46749
20333
68658
60189
66255
29855
84046
41001
27197
72606
97470
43089
16821
71183
18033
51805
94194
36931
4853
3842
93263
4503
53315
48099
5590
65735
60462
75783
95014
89819
59735
83426
66084
38791
71288
52348
52972
88772
98395
43319
33200
63830
10474
2632
19608
41412
8478
85983
47178
7168
7939
83511
50266
42203
28299
18208
56165
30634
37143
44654
637
29480
27885
34740
53015
39418
61665
53150
63914
77886
61096
34591
2216
61126
58781
59626
69188
55839
98286
81622
28573
78118
47986
83428
57329
22292
22849
86074
74234
59920
72383
46396
81636
68123
3018
28202
97959
14534
48968
95292
5280
85292
92736
58811
8538
42641
82344
12713
11935
68084
47893
29966
91968
11881
43609
16910
31889
46076
30727
35064
32137
66786
51213
76135
4793
1891
34086
95056
36706
65336
15246
63755
87966
53998
36680
12685
8090
45086
63959
48153
70362
78781
34652
26290
56164
95064
50165
22267
74285
98453
85243
48331
9154
73700
58368
36952
61573
97440
48257
26482
43258
50426
48358
22333
58361
47469
32864
71528
94524
16758
29015
97522
20910
43563
87159
93809
298
16280
18198
26358
17230
73337
66375
6543
50051
99301
18404
16980
44523
61922
60907
12583
2063
50974
19180
49685
11300
97886
79201
17474
11184
66753
34101
38864
19817
75368
95712
97062
43753
89916
93269
13181
75807
58078
11230
66732
85307
1607
25319
68819
47154
90662
57599
15006
24737
2251
76850
3224
89671
72859
13692
39947
82736
88949
2808
54626
85599
72186
22607
70829
78348
78219
34300
94277
23069
6126
3014
73883
24775
24646
22668
95682
93660
15842
83382
47110
6305
86844
93099
86575
86852
40462
14485
78230
21944
28365
16
6618
30612
22493
55287
74853
30686
18512
641
67021
61247
64472
4141
19338
65339
33419
60878
73598
91089
46652
76989
44330
79597
87036
60707
54587
30956
97702
48919
61073
62844
64777
861
24595
43573
25117
13118
43898
61098
5900
90667
24461
34251
89214
71803
31856
58703
94168
56681
16771
22555
77517
5188
66870
74695
41008
63342
97104
88058
92116
39065
72366
33395
36367
69361
65660
49407
32075
68430
29352
44999
40441
36255
74830
41792
75545
49901
34255
31855
78481
80594
10898
85904
65012
21706
99851
48836
72092
88005
75474
20886
70905
78383
10699
57913
62506
89924
47719
41647
9813
70358
67865
28332
29103
87268
90737
19173
46530
44938
70824
67696
67082
71482
22486
21739
83271
99731
25094
76896
26813
27057
70864
4148
74422
83353
54348
24646
60231
53783
43392
89099
3785
41381
23484
16533
30328
54842
72613
63834
22698
66734
15493
16323
76458
12860
2112
81162
61084
23373
10959
71523
11560
18335
91618
1690
53502
36443
24976
45257
85612
57490
83387
64090
60768
78782
64722
61283
82787
75043
34296
13401
44114
44621
8322
59845
74246
89509
50824
36750
51686
43464
8928
39626
17949
34017
85336
87641
2615
19247
23641
24547
81120
50136
16365
32446
52927
22391
93679
38271
45352
81313
69309
16829
52176
15099
80646
49854
47507
29921
1716
13350
27870
90152
99252
50001
10257
3812
74733
48110
46436
50639
15241
18172
80421
98366
21725
28430
27512
61036
28861
69472
23746
60456
33740
63448
29462
51317
2472
1608
16228
22772
6605
30657
41746
41360
14016
54743
61943
18184
83575
5204
35735
75730
46818
90971
27507
70798
44948
65023
17929
37062
94237
38102
2920
47631
64892
3733
99656
78740
30437
30464
6548
73317
86562
71628
38574
23646
63534
38574
72020
8962
25119
16184
24245
74411
717
42028
17336
66211
97491
19419
97624
6695
25679
22017
29384
19722
86268
29367
70006
84700
31748
32768
94130
97265
74979
37569
67741
80739
55548
30623
94357
74183
19575
49627
76882
87149
88718
94377
76676
99683
16495
86694
23006
50643
50320
65944
20382
86519
15108
74566
69297
16765
71038
25241
86967
21765
63481
30303
61510
8644
42431
7796
65079
16392
58460
18840
66187
70160
52058
51381
14614
4058
21564
25588
80173
74023
32540
35059
81834
49907
36553
5582
4790
63067
58384
84094
10579
99364
56611
17389
57037
27808
81309
2387
142
35197
98083
2953
31102
19889
94041
26795
88260
61864
75135
34933
84446
20916
65784
97272
25107
36203
48831
51072
81320
2172
49230
9465
71256
96602
56851
38746
131
39210
15610
25690
62070
16230
47066
85144
29162
86202
80827
21524
80014
1085
84141
50463
49337
75738
5960
20793
83213
70834
20150
82827
33269
62917
79267
94619
51604
17822
12972
47190
98143
58603
80192
32190
36808
79336
24331
22002
58829
84661
58355
25492
51743
83861
9199
25205
92089
56310
24373
57449
6737
9829
6387
86700
20214
18709
56760
24871
79114
51233
69090
13016
41986
57196
86805
99218
75837
50370
37237
90136
24845
55092
5723
4297
99168
42825
32911
49492
65049
38493
11343
42592
74227
18557
6929
10970
7543
23937
64389
44339
55468
96457
5394
58276
15894
95936
63792
33317
26537
49428
21957
56331
29242
96811
48037
50852
99420
91732
12897
91637
61611
80336
52510
42848
85731
94414
98290
83535
89165
30079
7176
10142
34801
96762
7513
75047
27937
56737
28135
71813
81797
95793
25630
4830
8619
40336
84108
99004
8854
81603
403
69528
87426
3387
98607
88709
19034
59011
20643
6472
83790
6127
85556
31391
29328
25830
71735
4061
59297
31930
55631
29979
84948
19043
48056
7487
68726
72019
46606
57052
4586
46984
97867
1090
28909
62843
74879
52752
28244
90537
61667
36794
22200
48345
85297
38243
14047
885
76381
68707
71257
52496
73059
51566
77926
74306
76838
82271
14584
17124
94419
21398
36465
83325
47228
5921
37145
25413
50376
83361
82506
9762
60274
6316
20167
89533
6628
20390
18369
59430
22571
19581
22545
74356
18376
41168
75423
30923
79764
16311
47480
33092
14516
6357
23042
15688
7107
81176
99661
91578
31277
6153
39326
18489
71667
776
90115
86856
22837
60017
4155
56519
1674
16108
23563
10453
5189
5903
44046
62663
79554
58978
35458
97550
63201
72804
13293
66654
89575
73659
80320
32538
29261
40733
72319
54259
62871
2970
38906
75673
93725
63105
57459
26481
94892
87368
51547
19374
23270
22962
8682
41638
28562
65426
90963
533
12873
44950
97015
3851
67533
41512
81906
87476
32751
17010
26361
80790
68866
45651
27558
95756
43860
20970
99554
54328
57877
91075
22186
51538
47385
48958
39880
34719
25557
46390
15253
46523
80393
86525
91386
21684
96351
75574
19342
36102
22914
69231
68937
34340
74307
32002
29323
82896
60989
27012
85714
88406
32846
89066
35546
85734
87626
64467
41252
22519
48331
40636
513
85857
1632
69552
78487
49970
99011
53585
37151
91721
46496
19033
16881
89307
74868
15356
11031
75289
75385
81425
11610
99995
13609
23630
29316
47301
7191
28877
48408
53937
54477
71767
33180
57374
51178
85718
1789
95223
69845
87655
92412
45293
98737
99358
60201
92765
75187
50654
9425
46851
76154
83102
13946
45863
58583
37091
15199
55319
37871
88722
63074
56729
60215
18861
24830
49093
78197
97890
24820
52382
18423
67882
41842
4108
22140
68888
13952
10107
83127
81543
91835
27413
1892
81973
63578
41063
61696
55226
22645
78651
43329
95132
31895
4182
38560
11127
3241
4521
677
88207
97502
58583
28879
81704
41731
41241
79304
42235
12598
17153
37783
34787
83334
73090
10157
80375
52645
41559
61615
84417
42194
22962
74312
40792
5444
36933
55429
2273
70807
72651
78460
27764
18099
86965
12642
95151
70229
76217
59419
99715
34559
43833
13020
13661
46730
55064
95526
83676
58185
56778
50520
4822
81003
70895
44518
996
15041
24841
50868
30885
92367
38425
62680
56887
89340
47107
51793
57801
59717
57172
11176
77264
38896
63073
38270
63637
8687
20333
88272
12244
13400
89072
85700
95112
69519
52161
99907
23328
48737
23942
8984
56091
68450
2292
29796
57007
74406
23873
68201
12011
60040
6501
28209
48235
43057
14578
18645
30511
82934
1283
63472
21691
64490
37021
26579
74667
34296
80015
73931
34041
59439
6103
39368
42931
9757
63136
58333
63453
6357
47807
60967
63980
47372
2393
45088
25730
90507
19984
9463
10091
40931
53358
53874
41185
34647
89790
88901
67663
87415
35427
16178
50664
29528
96749
10919
62100
18088
23480
73506
67556
70944
46291
31282
37090
12053
98983
99560
21248
57792
48178
99499
57944
28291
51931
6179
37960
34022
349
43685
85963
24131
98455
37228
79669
49790
37982
26631
39138
91837
99441
46802
90842
64388
37228
87403
33704
95759
58172
85460
28277
27788
26861
39253
50172
4876
458
73056
83924
14640
49098
50802
45327
29480
87945
8735
96484
4520
30049
82986
68863
83926
72782
95286
48983
54158
91868
41861
43391
71483
38934
7619
99367
36381
33634
59491
85901
49294
78025
74043
51060
4570
73167
80094
88410
36393
5043
69105
89583
30884
33440
7749
95590
49850
89153
28437
44442
59497
36492
98602
49973
39088
12604
71374
68200
89439
99315
99513
24681
21533
67942
58144
34159
2134
99161
55790
73299
4185
43922
21347
41797
6924
24647
54638
62125
30047
62580
73430
86332
85523
10775
45800
93554
56647
22190
93865
77138
71056
88396
45866
14197
43281
9036
27772
6621
15886
17467
15476
26787
72966
43067
81378
18411
61140
49553
40755
1445
59802
19175
48811
62450
71699
61363
82165
62666
87840
97266
58128
52843
94226
10590
5005
73208
71960
46434
84934
17097
42854
63771
54106
373
45793
16079
7962
45974
32739
26819
89437
6698
96930
84142
50095
38242
96457
69047
96723
52962
85421
89583
5545
17745
6111
27590
93824
29567
77770
50648
97245
81143
42124
45469
58922
79179
48143
4921
5345
16075
10948
97613
77728
8972
19814
7122
3476
12909
1350
53514
41567
76884
87529
31925
71922
68857
30762
25906
60704
59210
81311
57549
52332
1736
7160
39359
26818
37877
90430
32097
35757
41784
33280
76643
73759
86902
99450
92669
45556
9565
34437
70552
26293
54298
20860
76194
56374
19140
74015
29175
51068
1414
42497
49678
8912
90189
57058
84938
75978
15541
67112
65132
31002
62899
8579
98857
22808
40710
74261
87134
92250
34479
74686
41033
45148
94059
89598
29702
73008
78392
50370
14709
37078
29841
91251
33649
52612
71506
74367
61075
36403
72783
25169
27026
96398
23134
70693
25500
30909
40544
82054
9746
8534
98097
34358
30240
27532
76154
47880
25913
19750
85131
20077
51196
59842
8277
68961
77556
20205
27642
25588
62229
60170
18653
44677
7174
5233
88000
27203
66363
93138
19640
27328
86112
77649
99544
17238
79543
60050
5862
76578
41324
59766
30234
26157
11510
50971
35847
11838
3053
46582
68083
92242
21144
42930
40380
62125
61577
33961
13813
60437
39069
47204
69287
28364
54514
12177
94342
98920
38119
29698
98902
96376
53722
99809
36701
14373
28298
74251
27053
36239
56186
45995
1166
422
84136
62522
41826
15977
48852
93289
30952
72456
94126
9750
12670
14297
4427
54032
40349
6738
74492
81026
6815
46431
23991
43758
58479
42672
1105
84369
59823
4753
91753
68335
66448
85418
84372
83904
99151
7214
52880
14214
55325
85553
89948
67416
12941
86777
45727
50231
56361
13341
18967
39352
50211
29355
49674
59213
80840
84226
87893
95467
77079
85739
49851
96645
71620
62321
54181
21713
16138
82489
97295
89144
6854
28681
15981
8058
62644
48140
22048
96176
29751
77079
86002
85054
63692
77709
90836
7376
99375
54564
61327
48736
75966
94546
74429
36436
93108
22810
27547
79825
65254
29170
60782
44996
27651
16338
23428
97581
22972
7028
12415
94090
57227
67536
13918
86924
24862
80503
78245
52972
29042
53112
10238
57133
48785
57559
58599
89344
71763
55089
79394
13665
91113
57888
1467
93306
71224
86054
56798
4812
7771
52756
88912
7387
85112
59307
55442
44599
7570
77399
81894
58346
65470
34470
90017
56227
86059
95589
63846
91373
22097
74942
76724
12000
16673
42025
88634
10583
52105
31405
6425
32628
44655
80887
39484
86576
27831
48588
57869
95421
88733
24869
66165
27307
16170
14509
35721
55360
82139
55017
82771
87921
39870
32524
16511
36682
35081
30925
1975
15395
89645
5999
87501
43842
68197
17692
12544
81419
87438
94542
59716
78052
42234
76067
33854
8260
78125
29579
38931
86330
53593
39494
21765
24554
85497
38143
32755
22591
18685
29409
61410
87632
62591
48533
86814
1322
75563
44615
51729
6225
48465
97585
31458
41145
62403
3095
64962
47429
68075
9998
8457
98716
18712
7013
57694
11874
48749
91333
34482
31642
20464
33286
67661
95895
84575
47614
52157
64261
85750
23545
65319
43415
70440
95289
54407
26040
36330
77320
52468
57809
73341
99902
11441
840
28059
47221
79811
10988
4313
23985
79052
64026
79146
64813
51022
84367
30080
55542
64858
47414
97246
57876
31210
2900
67770
98932
23000
84649
22556
61016
24448
74951
29956
16276
6179
52847
84030
67780
5271
92135
27849
41983
17346
76430
92480
26152
88595
96386
18517
74399
51105
9805
98707
19394
57890
89356
34067
94958
63475
48944
70891
92719
73077
32577
93917
5245
23715
46178
34473
72140
16570
66911
97274
42145
9163
68340
64955
19005
31973
30779
28220
96576
46276
30110
78624
81470
91021
43224
16369
92755
42445
94688
78850
17436
68160
35463
18743
57468
45750
35470
52527
5723
60248
97297
66741
34355
56986
81564
42093
4598
87722
99455
83770
47327
39398
29680
96528
6352
97735
84228
6237
67669
87670
25717
84736
